>GTATAAAARG	2-GTATAAAARG	8.140117	-1157.272519	0	T:1105.0(6.52%),B:324.8(1.01%),P:1e-502	Tpos:23.7,Tstd:6.8,Bpos:35.0,Bstd:20.6,StrandBias:3.6,Multiplicity:1.00
0.168	0.098	0.670	0.064
0.168	0.098	0.670	0.064
0.026	0.006	0.018	0.950
0.975	0.008	0.007	0.010
0.004	0.003	0.021	0.972
0.967	0.001	0.003	0.029
0.632	0.008	0.026	0.334
0.966	0.011	0.021	0.002
0.774	0.040	0.070	0.116
0.390	0.019	0.462	0.129
0.097	0.203	0.634	0.066
>CARCGTTGCC	5-CARCGTTGCC	7.725740	-429.092931	0	T:580.0(3.42%),B:245.5(0.77%),P:1e-186	Tpos:24.6,Tstd:13.4,Bpos:33.6,Bstd:21.6,StrandBias:-2.0,Multiplicity:1.01
0.118	0.751	0.108	0.023
0.599	0.078	0.151	0.172
0.388	0.078	0.497	0.037
0.150	0.598	0.101	0.151
0.094	0.001	0.893	0.012
0.030	0.079	0.114	0.777
0.029	0.077	0.049	0.845
0.003	0.022	0.974	0.001
0.001	0.891	0.008	0.100
0.160	0.754	0.041	0.045
>CCGCTAGAGG	12-CCGCTAGAGG	8.412366	-166.181496	0	T:207.0(1.22%),B:81.6(0.25%),P:1e-72	Tpos:24.7,Tstd:15.3,Bpos:41.1,Bstd:19.6,StrandBias:0.8,Multiplicity:1.00
0.147	0.773	0.048	0.032
0.006	0.992	0.001	0.001
0.006	0.001	0.992	0.001
0.032	0.814	0.147	0.007
0.001	0.001	0.001	0.997
0.997	0.001	0.001	0.001
0.001	0.001	0.997	0.001
0.912	0.001	0.086	0.001
0.001	0.001	0.795	0.203
0.007	0.032	0.913	0.048
>TAGCAGAC	7-TAGCAGAC	9.449834	-346.782205	0	T:309.0(1.82%),B:80.9(0.26%),P:1e-150	Tpos:35.7,Tstd:20.0,Bpos:44.7,Bstd:33.9,StrandBias:10.0,Multiplicity:1.00
0.001	0.001	0.001	0.997
0.997	0.001	0.001	0.001
0.001	0.001	0.997	0.001
0.001	0.997	0.001	0.001
0.997	0.001	0.001	0.001
0.001	0.001	0.997	0.001
0.997	0.001	0.001	0.001
0.198	0.800	0.001	0.001
>WAGCAGACGA	   1-WAGCAGACGA	7.997175	-1759.675841	0	T:1523.0(8.99%),B:398.3(1.24%),P:1e-764	Tpos:36.5,Tstd:15.1,Bpos:34.2,Bstd:23.1,StrandBias:-0.3,Multiplicity:1.04
0.404	0.094	0.168	0.335
0.658	0.013	0.041	0.288
0.055	0.016	0.915	0.014
0.030	0.940	0.022	0.008
0.959	0.009	0.013	0.019
0.003	0.006	0.983	0.008
0.872	0.021	0.009	0.098
0.041	0.949	0.007	0.003
0.177	0.014	0.637	0.172
>AGATGGCG	8-AGATGGCG	7.268134	-343.367235	0	T:685.0(4.04%),B:389.2(1.25%),P:1e-149	Tpos:42.0,Tstd:24.4,Bpos:51.2,Bstd:29.3,StrandBias:10.0,Multiplicity:1.01
0.997	0.001	0.001	0.001
0.154	0.039	0.793	0.014
0.946	0.001	0.052	0.001
0.001	0.001	0.045	0.953
0.012	0.001	0.986	0.001
0.001	0.001	0.885	0.113
0.022	0.943	0.001	0.034
0.081	0.001	0.790	0.128
>YTGTTTAS	12-YTGTTTAS	9.498295	-170.069389	0	T:321.0(1.89%),B:175.8(0.56%),P:1e-73	Tpos:44.5,Tstd:24.2,Bpos:50.5,Bstd:32.3,StrandBias:10.0,Multiplicity:1.02
0.001	0.526	0.001	0.472
0.001	0.001	0.001	0.997
0.001	0.001	0.997	0.001
0.001	0.001	0.001	0.997
0.001	0.001	0.001	0.997
0.001	0.001	0.001	0.997
0.997	0.001	0.001	0.001
0.001	0.439	0.421	0.139
>TCAGTTBNYM	4-TCAGTTBNYM	5.865064	-707.706626	0	T:2809.0(16.59%),B:2501.8(7.81%),P:1e-307	Tpos:47.5,Tstd:14.3,Bpos:35.5,Bstd:22.6,StrandBias:2.3,Multiplicity:1.05
0.017	0.008	0.001	0.974
0.001	0.984	0.001	0.014
0.997	0.001	0.001	0.001
0.001	0.001	0.997	0.001
0.001	0.001	0.001	0.997
0.088	0.368	0.005	0.539
0.062	0.320	0.342	0.276
0.196	0.309	0.214	0.281
0.043	0.319	0.236	0.402
0.383	0.239	0.154	0.223
>GCCTGCTA	5-GCCTGCTA	5.960655	-485.448400	0	T:541.0(3.19%),B:183.1(0.59%),P:1e-210	Tpos:50.1,Tstd:22.2,Bpos:48.0,Bstd:40.0,StrandBias:10.0,Multiplicity:1.01
0.001	0.001	0.997	0.001
0.001	0.867	0.001	0.131
0.001	0.997	0.001	0.001
0.001	0.001	0.001	0.997
0.001	0.001	0.997	0.001
0.001	0.997	0.001	0.001
0.001	0.001	0.001	0.997
0.952	0.001	0.001	0.046
>CTGTCAGW	11-CTGTCAGW	6.788039	-175.822517	0	T:906.0(5.35%),B:852.1(2.73%),P:1e-76	Tpos:54.9,Tstd:24.7,Bpos:50.9,Bstd:35.9,StrandBias:10.0,Multiplicity:1.04
0.001	0.612	0.331	0.056
0.078	0.138	0.129	0.655
0.001	0.001	0.997	0.001
0.042	0.001	0.001	0.956
0.001	0.947	0.001	0.051
0.997	0.001	0.001	0.001
0.288	0.001	0.549	0.162
0.574	0.001	0.001	0.424
>TATAAA	2-TATAAA	6.177716	-902.048186	0	T:1656.0(9.77%),B:900.1(2.88%),P:1e-391	Tpos:27.9,Tstd:17.3,Bpos:48.1,Bstd:30.8,StrandBias:10.0,Multiplicity:1.02
0.100	0.100	0.100	0.700
0.700	0.100	0.100	0.100
0.100	0.100	0.100	0.700
0.700	0.100	0.100	0.100
0.700	0.100	0.100	0.100
0.700	0.100	0.100	0.100
>TCGTCTGC	4-TCGTCTGC	9.044369	-674.921621	0	T:667.0(3.94%),B:197.7(0.63%),P:1e-293	Tpos:42.2,Tstd:18.5,Bpos:48.9,Bstd:33.9,StrandBias:10.0,Multiplicity:1.01
0.001	0.001	0.001	0.997
0.132	0.866	0.001	0.001
0.001	0.001	0.997	0.001
0.001	0.001	0.001	0.997
0.001	0.997	0.001	0.001
0.001	0.001	0.001	0.997
0.001	0.001	0.997	0.001
0.001	0.997	0.001	0.001
>GCAGACGACA	   3-GCAGACGACA	7.242235	-1131.239682	0	T:1750.0(10.33%),B:853.8(2.66%),P:1e-491	Tpos:39.7,Tstd:17.3,Bpos:36.6,Bstd:22.7,StrandBias:0.5,Multiplicity:1.04
0.326	0.020	0.653	0.001
0.001	0.997	0.001	0.001
0.997	0.001	0.001	0.001
0.001	0.001	0.997	0.001
0.569	0.036	0.001	0.394
0.183	0.577	0.045	0.195
0.001	0.108	0.641	0.250
0.452	0.120	0.252	0.175
0.103	0.693	0.001	0.203
0.511	0.001	0.189	0.299