>WAGCAGACGA	   Dpm1	7.997175	-1759.675841	0	T:1523.0(8.99%),B:398.3(1.24%),P:1e-764	Tpos:36.5,Tstd:15.1,Bpos:34.2,Bstd:23.1,StrandBias:-0.3,Multiplicity:1.04
0.404	0.094	0.168	0.335
0.658	0.013	0.041	0.288
0.055	0.016	0.915	0.014
0.030	0.940	0.022	0.008
0.959	0.009	0.013	0.019
0.003	0.006	0.983	0.008
0.872	0.021	0.009	0.098
0.041	0.949	0.007	0.003
0.177	0.014	0.637	0.172
>GTATAAAARG	Dpm2	8.140117	-1157.272519	0	T:1105.0(6.52%),B:324.8(1.01%),P:1e-502	Tpos:23.7,Tstd:6.8,Bpos:35.0,Bstd:20.6,StrandBias:3.6,Multiplicity:1.00
0.168	0.098	0.670	0.064
0.168	0.098	0.670	0.064
0.026	0.006	0.018	0.950
0.975	0.008	0.007	0.010
0.004	0.003	0.021	0.972
0.967	0.001	0.003	0.029
0.632	0.008	0.026	0.334
0.966	0.011	0.021	0.002
0.774	0.040	0.070	0.116
0.390	0.019	0.462	0.129
0.097	0.203	0.634	0.066
>TCAGTTBNYM	Dpm3	5.865064	-707.706626	0	T:2809.0(16.59%),B:2501.8(7.81%),P:1e-307	Tpos:47.5,Tstd:14.3,Bpos:35.5,Bstd:22.6,StrandBias:2.3,Multiplicity:1.05
0.017	0.008	0.001	0.974
0.001	0.984	0.001	0.014
0.997	0.001	0.001	0.001
0.001	0.001	0.997	0.001
0.001	0.001	0.001	0.997
0.088	0.368	0.005	0.539
0.062	0.320	0.342	0.276
0.196	0.309	0.214	0.281
0.043	0.319	0.236	0.402
0.383	0.239	0.154	0.223
>GCCTGCTA	Dpm4	5.960655	-485.448400	0	T:541.0(3.19%),B:183.1(0.59%),P:1e-210	Tpos:50.1,Tstd:22.2,Bpos:48.0,Bstd:40.0,StrandBias:10.0,Multiplicity:1.01
0.001	0.001	0.997	0.001
0.001	0.867	0.001	0.131
0.001	0.997	0.001	0.001
0.001	0.001	0.001	0.997
0.001	0.001	0.997	0.001
0.001	0.997	0.001	0.001
0.001	0.001	0.001	0.997
0.952	0.001	0.001	0.046
>CARCGTTGCC	Dpm5	7.725740	-429.092931	0	T:580.0(3.42%),B:245.5(0.77%),P:1e-186	Tpos:24.6,Tstd:13.4,Bpos:33.6,Bstd:21.6,StrandBias:-2.0,Multiplicity:1.01
0.118	0.751	0.108	0.023
0.599	0.078	0.151	0.172
0.388	0.078	0.497	0.037
0.150	0.598	0.101	0.151
0.094	0.001	0.893	0.012
0.030	0.079	0.114	0.777
0.029	0.077	0.049	0.845
0.003	0.022	0.974	0.001
0.001	0.891	0.008	0.100
0.160	0.754	0.041	0.045
>GAGTATCTCC	Dpm6	11.520558	-240.011159	0	T:105.0(0.62%),B:8.6(0.03%),P:1e-104	Tpos:62.4,Tstd:8.0,Bpos:45.6,Bstd:20.6,StrandBias:6.7,Multiplicity:1.00
0.001	0.001	0.912	0.086
0.997	0.001	0.001	0.001
0.001	0.001	0.997	0.001
0.046	0.312	0.001	0.641
0.997	0.001	0.001	0.001
0.001	0.001	0.001	0.997
0.044	0.635	0.320	0.001
0.001	0.086	0.001	0.912
0.406	0.592	0.001	0.001
0.001	0.997	0.001	0.001
>YTGTTTAS	Dpm7	9.498295	-170.069389	0	T:321.0(1.89%),B:175.8(0.56%),P:1e-73	Tpos:44.5,Tstd:24.2,Bpos:50.5,Bstd:32.3,StrandBias:10.0,Multiplicity:1.02
0.001	0.526	0.001	0.472
0.001	0.001	0.001	0.997
0.001	0.001	0.997	0.001
0.001	0.001	0.001	0.997
0.001	0.001	0.001	0.997
0.001	0.001	0.001	0.997
0.997	0.001	0.001	0.001
0.001	0.439	0.421	0.139
>CCGCTAGAGG	Dpm8	8.412366	-166.181496	0	T:207.0(1.22%),B:81.6(0.25%),P:1e-72	Tpos:24.7,Tstd:15.3,Bpos:41.1,Bstd:19.6,StrandBias:0.8,Multiplicity:1.00
0.147	0.773	0.048	0.032
0.006	0.992	0.001	0.001
0.006	0.001	0.992	0.001
0.032	0.814	0.147	0.007
0.001	0.001	0.001	0.997
0.997	0.001	0.001	0.001
0.001	0.001	0.997	0.001
0.912	0.001	0.086	0.001
0.001	0.001	0.795	0.203
0.007	0.032	0.913	0.048