>WAGCAGACGA	   Dpm1	5	-1759.675841	0
0.404	0.094	0.168	0.335
0.658	0.013	0.041	0.288
0.055	0.016	0.915	0.014
0.030	0.940	0.022	0.008
0.959	0.009	0.013	0.019
0.003	0.006	0.983	0.008
0.872	0.021	0.009	0.098
0.041	0.949	0.007	0.003
0.177	0.014	0.637	0.172
>TATAAA	Dpm2	5	-1157.272519	0
0.168	0.098	0.670	0.064
0.026	0.006	0.018	0.950
0.975	0.008	0.007	0.010
0.004	0.003	0.021	0.972
0.967	0.001	0.003	0.029
0.632	0.008	0.026	0.334
0.966	0.011	0.021	0.002
>TCAGTT	Dpm3	5	-707.706626	0	T:2809.0(16.59%),B:2501.8(7.81%),P:1e-307	Tpos:47.5,Tstd:14.3,Bpos:35.5,Bstd:22.6,StrandBias:2.3,Multiplicity:1.05
0.017	0.008	0.001	0.974
0.001	0.984	0.001	0.014
0.997	0.001	0.001	0.001
0.001	0.001	0.997	0.001
0.001	0.001	0.001	0.997
0.088	0.368	0.005	0.539
>GCCTGCTA	Dpm4	5	-485.448400	0	T:541.0(3.19%),B:183.1(0.59%),P:1e-210	Tpos:50.1,Tstd:22.2,Bpos:48.0,Bstd:40.0,StrandBias:10.0,Multiplicity:1.01
0.001	0.001	0.997	0.001
0.001	0.867	0.001	0.131
0.001	0.997	0.001	0.001
0.001	0.001	0.001	0.997
0.001	0.001	0.997	0.001
0.001	0.997	0.001	0.001
0.001	0.001	0.001	0.997
0.952	0.001	0.001	0.046
>GTTGCC	Dpm5	5	-429.092931	0
0.094	0.001	0.893	0.012
0.030	0.079	0.114	0.777
0.029	0.077	0.049	0.845
0.003	0.022	0.974	0.001
0.001	0.891	0.008	0.100
0.160	0.754	0.041	0.045
>TGTTTA	Dpm6	5	-170.069389	0
0.001	0.001	0.001	0.997
0.001	0.001	0.997	0.001
0.001	0.001	0.001	0.997
0.001	0.001	0.001	0.997
0.001	0.001	0.001	0.997
0.997	0.001	0.001	0.001
>CCGCTAGAGG	Dpm7	5	-166.181496	0	T:207.0(1.22%),B:81.6(0.25%),P:1e-72	Tpos:24.7,Tstd:15.3,Bpos:41.1,Bstd:19.6,StrandBias:0.8,Multiplicity:1.00
0.147	0.773	0.048	0.032
0.006	0.992	0.001	0.001
0.006	0.001	0.992	0.001
0.032	0.814	0.147	0.007
0.001	0.001	0.001	0.997
0.997	0.001	0.001	0.001
0.001	0.001	0.997	0.001
0.912	0.001	0.086	0.001
0.001	0.001	0.795	0.203
0.007	0.032	0.913	0.048