Motif Name (# sites) [values are natural log, + values for divergence]	15-CCGCTAGA,BestGuess:ovo/dmmpmm(Bigfoot)/fly(0.636) (422)	8-GGGTGATHAA,BestGuess:CG12361/dmmpmm(Noyes_hd)/fly(0.674) (19)	12-AGAGAAAAGGCG,BestGuess:pan/dmmpmm(Bergman)/fly(0.625) (15)	21-GTGTCTTCAGGG,BestGuess:POL008.1_DCE_S_I/Jaspar(0.568) (19)	1-NNKCAGTCGN,BestGuess:Initiator/Drosophila-Promoters/Homer(0.938) (4409)	4-TGGCAACGYTGY,BestGuess:Unknown3/Drosophila-Promoters/Homer(0.746) (802)	1-GTATAAAAAVVS,BestGuess:POL012.1_TATA-Box/Jaspar(0.975) (1112)	8-CWAGATGGCG,BestGuess:MA0531.1_CTCF/Jaspar(0.853) (942)
15-CCGCTAGA,BestGuess:ovo/dmmpmm(Bigfoot)/fly(0.636) (422)	0.924008844670283	-1.33089327691224	-1.33089327691224	-0.45864764087531	0.768645675806795	9.96666245708067	3.43021083536321	-34.5038211928353
8-GGGTGATHAA,BestGuess:CG12361/dmmpmm(Noyes_hd)/fly(0.674) (19)	-1.33089327691224	1.0000472622596	-5.61092789715838	1.0000472622596	-1.73744152471818	1.44036271586725	-9.99125200731032	0.701550748765199
12-AGAGAAAAGGCG,BestGuess:pan/dmmpmm(Bergman)/fly(0.625) (15)	-1.33089327691224	-5.61092789715838	1.0000472622596	1.0000472622596	-1.71664127081694	1.13711214584926	-8.35248230474458	1.33562306313714
21-GTGTCTTCAGGG,BestGuess:POL008.1_DCE_S_I/Jaspar(0.568) (19)	-0.45864764087531	1.0000472622596	1.0000472622596	1.0000472622596	1.61559043610343	1.44036271586725	-0.522223034818039	-0.684813644203333
1-NNKCAGTCGN,BestGuess:Initiator/Drosophila-Promoters/Homer(0.938) (4409)	0.768645675806795	-1.73744152471818	-1.71664127081694	1.61559043610343	-0.712408904271806	3.67661646508332	-1.84446437791064	3.258607817502
4-TGGCAACGYTGY,BestGuess:Unknown3/Drosophila-Promoters/Homer(0.746) (802)	9.96666245708067	1.44036271586725	1.13711214584926	1.44036271586725	3.67661646508332	6.84492201936362	22.6574569089408	1.5709595948956
1-GTATAAAAAVVS,BestGuess:POL012.1_TATA-Box/Jaspar(0.975) (1112)	3.43021083536321	-9.99125200731032	-8.35248230474458	-0.522223034818039	-1.84446437791064	22.6574569089408	19.5579072600795	16.4708012929709
8-CWAGATGGCG,BestGuess:MA0531.1_CTCF/Jaspar(0.853) (942)	-34.5038211928353	0.701550748765199	1.33562306313714	-0.684813644203333	3.258607817502	1.5709595948956	16.4708012929709	-2.85130638553088
