Motif Name (# sites) [values are natural log, + values for divergence]	7 (0)	Group2_consensus (179)	Group5_consensus (0)	Group6_consensus (933)	Group7_consensus (1239)	Group8_consensus (438)
7 (0)	1.0000472622596	1.0000472622596	1.0000472622596	1.0000472622596	1.0000472622596	1.0000472622596
Group2_consensus (179)	1.0000472622596	0.586172753659975	1.0000472622596	4.48083557334955	-3.74905948473033	-0.771713880633343
Group5_consensus (0)	1.0000472622596	1.0000472622596	1.0000472622596	1.0000472622596	1.0000472622596	1.0000472622596
Group6_consensus (933)	1.0000472622596	4.48083557334955	1.0000472622596	3.10299091563207	17.5284215265427	-8.05951772627856
Group7_consensus (1239)	1.0000472622596	-3.74905948473033	1.0000472622596	17.5284215265427	20.0998103126166	5.47051772967599
Group8_consensus (438)	1.0000472622596	-0.771713880633343	1.0000472622596	-8.05951772627856	5.47051772967599	-1.508518416876
