Motif Name (# sites) [observed/expected]	15-CCGCTAGA,BestGuess:ovo/dmmpmm(Bigfoot)/fly(0.636) (422)	8-GGGTGATHAA,BestGuess:CG12361/dmmpmm(Noyes_hd)/fly(0.674) (19)	12-AGAGAAAAGGCG,BestGuess:pan/dmmpmm(Bergman)/fly(0.625) (15)	21-GTGTCTTCAGGG,BestGuess:POL008.1_DCE_S_I/Jaspar(0.568) (19)	1-NNKCAGTCGN,BestGuess:Initiator/Drosophila-Promoters/Homer(0.938) (4409)	4-TGGCAACGYTGY,BestGuess:Unknown3/Drosophila-Promoters/Homer(0.746) (802)	1-GTATAAAAAVVS,BestGuess:POL012.1_TATA-Box/Jaspar(0.975) (1112)	8-CWAGATGGCG,BestGuess:MA0531.1_CTCF/Jaspar(0.853) (942)
15-CCGCTAGA,BestGuess:ovo/dmmpmm(Bigfoot)/fly(0.636) (422)	0.832088097994386	2.63906211025193	3.34281200631911	1.31953105512597	0.989423830402913	0.375128529387432	0.721470217191176	2.55501554623117
8-GGGTGATHAA,BestGuess:CG12361/dmmpmm(Noyes_hd)/fly(0.674) (19)	2.63906211025193	0	10	0	1.38926358763773	0	5.00757288905718	0.591127500279361
12-AGAGAAAAGGCG,BestGuess:pan/dmmpmm(Bergman)/fly(0.625) (15)	3.34281200631911	10	0	0	1.43978226355183	0	5.07434052757794	0
21-GTGTCTTCAGGG,BestGuess:POL008.1_DCE_S_I/Jaspar(0.568) (19)	1.31953105512597	0	0	0	0.631483448926239	0	1.00151457781143	1.18225500055872
1-NNKCAGTCGN,BestGuess:Initiator/Drosophila-Promoters/Homer(0.938) (4409)	0.989423830402913	1.38926358763773	1.43978226355183	0.631483448926239	1.00109038181086	0.894627798840391	1.04660431328333	0.911963995668
4-TGGCAACGYTGY,BestGuess:Unknown3/Drosophila-Promoters/Homer(0.746) (802)	0.375128529387432	0	0	0	0.894627798840391	0.471123965511062	0.391489800678161	0.896273117630552
1-GTATAAAAAVVS,BestGuess:POL012.1_TATA-Box/Jaspar(0.975) (1112)	0.721470217191176	5.00757288905718	5.07434052757794	1.00151457781143	1.04660431328333	0.391489800678161	0.322048071238592	0.515110204829767
8-CWAGATGGCG,BestGuess:MA0531.1_CTCF/Jaspar(0.853) (942)	2.55501554623117	0.591127500279361	0	1.18225500055872	0.911963995668	0.896273117630552	0.515110204829767	1.25376010493309
