Now running MotifSetReduce.pl with arguments -m motif_group5.txt -l 5 -t 0.09 -c 0.5 ...


Determining pairwise distances for motif set:

Motif1: motif_10_2 (10 positions)
0.27 0.26 0.22 0.249
0.309 0.173 0.244 0.274
0.032 0.096 0.378 0.495
0.001 0.938 0.001 0.06
0.976 0.001 0.022 0.001
0.001 0.001 0.925 0.073
0.229 0.001 0.001 0.769
0.062 0.615 0.001 0.322
0.144 0.176 0.499 0.181
0.267 0.225 0.23 0.277

	Motif2: motif_Train1_2 (10 positions)
	0.245 0.261 0.226 0.268
	0.288 0.199 0.281 0.232
	0.192 0.162 0.284 0.361
	0.001 0.997 0.001 0.001
	0.976 0.001 0.001 0.022
	0.001 0.001 0.826 0.172
	0.398 0.001 0.001 0.6
	0.267 0.434 0.001 0.298
	0.257 0.155 0.332 0.255
	0.266 0.227 0.259 0.248

Comparing motif motif_10_2 (10 positions) versus motif motif_Train1_2 (10 positions):
... distance motif_10_2 versus motif_Train1_2 is calculated as  0.027 at offsets 1/1

	Motif2: motif_Train2_2 (8 positions)
	0.224 0.17 0.351 0.254
	0.001 0.001 0.257 0.741
	0.001 0.997 0.001 0.001
	0.997 0.001 0.001 0.001
	0.001 0.001 0.997 0.001
	0.257 0.001 0.001 0.741
	0.037 0.589 0.001 0.373
	0.038 0.045 0.84 0.077

Comparing motif motif_10_2 (10 positions) versus motif motif_Train2_2 (8 positions):
... distance motif_10_2 versus motif_Train2_2 is calculated as  0.035 at offsets 2/1

	Motif2: motif_Train3_22 (10 positions)
	0.001 0.001 0.997 0.001
	0.997 0.001 0.001 0.001
	0.001 0.997 0.001 0.001
	0.001 0.001 0.997 0.001
	0.001 0.95 0.017 0.032
	0.997 0.001 0.001 0.001
	0.001 0.001 0.997 0.001
	0.001 0.997 0.001 0.001
	0.903 0.032 0.001 0.064
	0.001 0.001 0.997 0.001

Comparing motif motif_10_2 (10 positions) versus motif motif_Train3_22 (10 positions):
... distance motif_10_2 versus motif_Train3_22 is calculated as  0.323 at offsets 1/5

	Motif2: motif_Train4_25 (6 positions)
	0.1 0.7 0.1 0.1
	0.7 0.1 0.1 0.1
	0.1 0.7 0.1 0.1
	0.1 0.1 0.7 0.1
	0.1 0.1 0.1 0.7
	0.1 0.1 0.7 0.1

Comparing motif motif_10_2 (10 positions) versus motif motif_Train4_25 (6 positions):
... distance motif_10_2 versus motif_Train4_25 is calculated as  0.446 at offsets 6/1

	Motif2: motif_Train5_23 (12 positions)
	0.886 0.001 0.112 0.001
	0.997 0.001 0.001 0.001
	0.053 0.113 0.015 0.819
	0.494 0.001 0.504 0.001
	0.6 0.001 0.398 0.001
	0.001 0.113 0.876 0.01
	0.001 0.76 0.001 0.238
	0.597 0.001 0.401 0.001
	0.989 0.009 0.001 0.001
	0.997 0.001 0.001 0.001
	0.651 0.001 0.235 0.113
	0.001 0.773 0.225 0.001

Comparing motif motif_10_2 (10 positions) versus motif motif_Train5_23 (12 positions):
... distance motif_10_2 versus motif_Train5_23 is calculated as  0.614 at offsets 5/1

	Motif2: motif_Train6_2 (10 positions)
	0.225 0.293 0.202 0.28
	0.354 0.181 0.277 0.187
	0.085 0.095 0.261 0.559
	0.032 0.966 0.001 0.001
	0.997 0.001 0.001 0.001
	0.001 0.001 0.997 0.001
	0.221 0.001 0.001 0.777
	0.053 0.71 0.001 0.236
	0.089 0.087 0.513 0.311
	0.264 0.223 0.177 0.337

Comparing motif motif_10_2 (10 positions) versus motif motif_Train6_2 (10 positions):
... distance motif_10_2 versus motif_Train6_2 is calculated as  0.010 at offsets 1/1

	Motif2: motif_Train7_2 (8 positions)
	0.068 0.11 0.295 0.527
	0.001 0.765 0.001 0.233
	0.916 0.001 0.082 0.001
	0.001 0.109 0.703 0.187
	0.313 0.001 0.001 0.685
	0.169 0.621 0.001 0.209
	0.268 0.239 0.366 0.127
	0.181 0.218 0.333 0.268

Comparing motif motif_10_2 (10 positions) versus motif motif_Train7_2 (8 positions):
... distance motif_10_2 versus motif_Train7_2 is calculated as  0.031 at offsets 3/1

	Motif2: motif_Train8_1 (10 positions)
	0.272 0.265 0.209 0.254
	0.303 0.173 0.244 0.28
	0.164 0.211 0.242 0.382
	0.188 0.81 0.001 0.001
	0.997 0.001 0.001 0.001
	0.019 0.13 0.82 0.031
	0.334 0.077 0.001 0.588
	0.137 0.49 0.001 0.372
	0.15 0.182 0.456 0.212
	0.237 0.218 0.237 0.307

Comparing motif motif_10_2 (10 positions) versus motif motif_Train8_1 (10 positions):
... distance motif_10_2 versus motif_Train8_1 is calculated as  0.023 at offsets 1/1

	Motif2: motif_Train9_2 (8 positions)
	0.189 0.177 0.268 0.366
	0.027 0.064 0.291 0.618
	0.001 0.881 0.001 0.117
	0.963 0.001 0.017 0.019
	0.001 0.001 0.976 0.022
	0.246 0.028 0.055 0.671
	0.034 0.666 0.001 0.299
	0.039 0.133 0.708 0.12

Comparing motif motif_10_2 (10 positions) versus motif motif_Train9_2 (8 positions):
... distance motif_10_2 versus motif_Train9_2 is calculated as  0.017 at offsets 2/1

Motif1: motif_Train1_2 (10 positions)
0.245 0.261 0.226 0.268
0.288 0.199 0.281 0.232
0.192 0.162 0.284 0.361
0.001 0.997 0.001 0.001
0.976 0.001 0.001 0.022
0.001 0.001 0.826 0.172
0.398 0.001 0.001 0.6
0.267 0.434 0.001 0.298
0.257 0.155 0.332 0.255
0.266 0.227 0.259 0.248

	Motif2: motif_Train2_2 (8 positions)
	0.224 0.17 0.351 0.254
	0.001 0.001 0.257 0.741
	0.001 0.997 0.001 0.001
	0.997 0.001 0.001 0.001
	0.001 0.001 0.997 0.001
	0.257 0.001 0.001 0.741
	0.037 0.589 0.001 0.373
	0.038 0.045 0.84 0.077

Comparing motif motif_Train1_2 (10 positions) versus motif motif_Train2_2 (8 positions):
... distance motif_Train1_2 versus motif_Train2_2 is calculated as  0.094 at offsets 2/1

	Motif2: motif_Train3_22 (10 positions)
	0.001 0.001 0.997 0.001
	0.997 0.001 0.001 0.001
	0.001 0.997 0.001 0.001
	0.001 0.001 0.997 0.001
	0.001 0.95 0.017 0.032
	0.997 0.001 0.001 0.001
	0.001 0.001 0.997 0.001
	0.001 0.997 0.001 0.001
	0.903 0.032 0.001 0.064
	0.001 0.001 0.997 0.001

Comparing motif motif_Train1_2 (10 positions) versus motif motif_Train3_22 (10 positions):
... distance motif_Train1_2 versus motif_Train3_22 is calculated as  0.346 at offsets 1/5

	Motif2: motif_Train4_25 (6 positions)
	0.1 0.7 0.1 0.1
	0.7 0.1 0.1 0.1
	0.1 0.7 0.1 0.1
	0.1 0.1 0.7 0.1
	0.1 0.1 0.1 0.7
	0.1 0.1 0.7 0.1

Comparing motif motif_Train1_2 (10 positions) versus motif motif_Train4_25 (6 positions):
... distance motif_Train1_2 versus motif_Train4_25 is calculated as  0.400 at offsets 6/1

	Motif2: motif_Train5_23 (12 positions)
	0.886 0.001 0.112 0.001
	0.997 0.001 0.001 0.001
	0.053 0.113 0.015 0.819
	0.494 0.001 0.504 0.001
	0.6 0.001 0.398 0.001
	0.001 0.113 0.876 0.01
	0.001 0.76 0.001 0.238
	0.597 0.001 0.401 0.001
	0.989 0.009 0.001 0.001
	0.997 0.001 0.001 0.001
	0.651 0.001 0.235 0.113
	0.001 0.773 0.225 0.001

Comparing motif motif_Train1_2 (10 positions) versus motif motif_Train5_23 (12 positions):
... distance motif_Train1_2 versus motif_Train5_23 is calculated as  0.529 at offsets 1/4

	Motif2: motif_Train6_2 (10 positions)
	0.225 0.293 0.202 0.28
	0.354 0.181 0.277 0.187
	0.085 0.095 0.261 0.559
	0.032 0.966 0.001 0.001
	0.997 0.001 0.001 0.001
	0.001 0.001 0.997 0.001
	0.221 0.001 0.001 0.777
	0.053 0.71 0.001 0.236
	0.089 0.087 0.513 0.311
	0.264 0.223 0.177 0.337

Comparing motif motif_Train1_2 (10 positions) versus motif motif_Train6_2 (10 positions):
... distance motif_Train1_2 versus motif_Train6_2 is calculated as  0.040 at offsets 1/1

	Motif2: motif_Train7_2 (8 positions)
	0.068 0.11 0.295 0.527
	0.001 0.765 0.001 0.233
	0.916 0.001 0.082 0.001
	0.001 0.109 0.703 0.187
	0.313 0.001 0.001 0.685
	0.169 0.621 0.001 0.209
	0.268 0.239 0.366 0.127
	0.181 0.218 0.333 0.268

Comparing motif motif_Train1_2 (10 positions) versus motif motif_Train7_2 (8 positions):
... distance motif_Train1_2 versus motif_Train7_2 is calculated as  0.037 at offsets 3/1

	Motif2: motif_Train8_1 (10 positions)
	0.272 0.265 0.209 0.254
	0.303 0.173 0.244 0.28
	0.164 0.211 0.242 0.382
	0.188 0.81 0.001 0.001
	0.997 0.001 0.001 0.001
	0.019 0.13 0.82 0.031
	0.334 0.077 0.001 0.588
	0.137 0.49 0.001 0.372
	0.15 0.182 0.456 0.212
	0.237 0.218 0.237 0.307

Comparing motif motif_Train1_2 (10 positions) versus motif motif_Train8_1 (10 positions):
... distance motif_Train1_2 versus motif_Train8_1 is calculated as  0.019 at offsets 1/1

	Motif2: motif_Train9_2 (8 positions)
	0.189 0.177 0.268 0.366
	0.027 0.064 0.291 0.618
	0.001 0.881 0.001 0.117
	0.963 0.001 0.017 0.019
	0.001 0.001 0.976 0.022
	0.246 0.028 0.055 0.671
	0.034 0.666 0.001 0.299
	0.039 0.133 0.708 0.12

Comparing motif motif_Train1_2 (10 positions) versus motif motif_Train9_2 (8 positions):
... distance motif_Train1_2 versus motif_Train9_2 is calculated as  0.069 at offsets 2/1

Motif1: motif_Train2_2 (8 positions)
0.224 0.17 0.351 0.254
0.001 0.001 0.257 0.741
0.001 0.997 0.001 0.001
0.997 0.001 0.001 0.001
0.001 0.001 0.997 0.001
0.257 0.001 0.001 0.741
0.037 0.589 0.001 0.373
0.038 0.045 0.84 0.077

	Motif2: motif_Train3_22 (10 positions)
	0.001 0.001 0.997 0.001
	0.997 0.001 0.001 0.001
	0.001 0.997 0.001 0.001
	0.001 0.001 0.997 0.001
	0.001 0.95 0.017 0.032
	0.997 0.001 0.001 0.001
	0.001 0.001 0.997 0.001
	0.001 0.997 0.001 0.001
	0.903 0.032 0.001 0.064
	0.001 0.001 0.997 0.001

Comparing motif motif_Train2_2 (8 positions) versus motif motif_Train3_22 (10 positions):
... distance motif_Train2_2 versus motif_Train3_22 is calculated as  0.384 at offsets 1/6

	Motif2: motif_Train4_25 (6 positions)
	0.1 0.7 0.1 0.1
	0.7 0.1 0.1 0.1
	0.1 0.7 0.1 0.1
	0.1 0.1 0.7 0.1
	0.1 0.1 0.1 0.7
	0.1 0.1 0.7 0.1

Comparing motif motif_Train2_2 (8 positions) versus motif motif_Train4_25 (6 positions):
... distance motif_Train2_2 versus motif_Train4_25 is calculated as  0.478 at offsets 3/1

	Motif2: motif_Train5_23 (12 positions)
	0.886 0.001 0.112 0.001
	0.997 0.001 0.001 0.001
	0.053 0.113 0.015 0.819
	0.494 0.001 0.504 0.001
	0.6 0.001 0.398 0.001
	0.001 0.113 0.876 0.01
	0.001 0.76 0.001 0.238
	0.597 0.001 0.401 0.001
	0.989 0.009 0.001 0.001
	0.997 0.001 0.001 0.001
	0.651 0.001 0.235 0.113
	0.001 0.773 0.225 0.001

Comparing motif motif_Train2_2 (8 positions) versus motif motif_Train5_23 (12 positions):
... distance motif_Train2_2 versus motif_Train5_23 is calculated as  0.707 at offsets 4/1

	Motif2: motif_Train6_2 (10 positions)
	0.225 0.293 0.202 0.28
	0.354 0.181 0.277 0.187
	0.085 0.095 0.261 0.559
	0.032 0.966 0.001 0.001
	0.997 0.001 0.001 0.001
	0.001 0.001 0.997 0.001
	0.221 0.001 0.001 0.777
	0.053 0.71 0.001 0.236
	0.089 0.087 0.513 0.311
	0.264 0.223 0.177 0.337

Comparing motif motif_Train2_2 (8 positions) versus motif motif_Train6_2 (10 positions):
... distance motif_Train2_2 versus motif_Train6_2 is calculated as  0.035 at offsets 1/2

	Motif2: motif_Train7_2 (8 positions)
	0.068 0.11 0.295 0.527
	0.001 0.765 0.001 0.233
	0.916 0.001 0.082 0.001
	0.001 0.109 0.703 0.187
	0.313 0.001 0.001 0.685
	0.169 0.621 0.001 0.209
	0.268 0.239 0.366 0.127
	0.181 0.218 0.333 0.268

Comparing motif motif_Train2_2 (8 positions) versus motif motif_Train7_2 (8 positions):
... distance motif_Train2_2 versus motif_Train7_2 is calculated as  0.098 at offsets 2/1

	Motif2: motif_Train8_1 (10 positions)
	0.272 0.265 0.209 0.254
	0.303 0.173 0.244 0.28
	0.164 0.211 0.242 0.382
	0.188 0.81 0.001 0.001
	0.997 0.001 0.001 0.001
	0.019 0.13 0.82 0.031
	0.334 0.077 0.001 0.588
	0.137 0.49 0.001 0.372
	0.15 0.182 0.456 0.212
	0.237 0.218 0.237 0.307

Comparing motif motif_Train2_2 (8 positions) versus motif motif_Train8_1 (10 positions):
... distance motif_Train2_2 versus motif_Train8_1 is calculated as  0.074 at offsets 1/2

	Motif2: motif_Train9_2 (8 positions)
	0.189 0.177 0.268 0.366
	0.027 0.064 0.291 0.618
	0.001 0.881 0.001 0.117
	0.963 0.001 0.017 0.019
	0.001 0.001 0.976 0.022
	0.246 0.028 0.055 0.671
	0.034 0.666 0.001 0.299
	0.039 0.133 0.708 0.12

Comparing motif motif_Train2_2 (8 positions) versus motif motif_Train9_2 (8 positions):
... distance motif_Train2_2 versus motif_Train9_2 is calculated as  0.015 at offsets 1/1

Motif1: motif_Train3_22 (10 positions)
0.001 0.001 0.997 0.001
0.997 0.001 0.001 0.001
0.001 0.997 0.001 0.001
0.001 0.001 0.997 0.001
0.001 0.95 0.017 0.032
0.997 0.001 0.001 0.001
0.001 0.001 0.997 0.001
0.001 0.997 0.001 0.001
0.903 0.032 0.001 0.064
0.001 0.001 0.997 0.001

	Motif2: motif_Train4_25 (6 positions)
	0.1 0.7 0.1 0.1
	0.7 0.1 0.1 0.1
	0.1 0.7 0.1 0.1
	0.1 0.1 0.7 0.1
	0.1 0.1 0.1 0.7
	0.1 0.1 0.7 0.1

Comparing motif motif_Train3_22 (10 positions) versus motif motif_Train4_25 (6 positions):
... distance motif_Train3_22 versus motif_Train4_25 is calculated as  0.668 at offsets 5/1

	Motif2: motif_Train5_23 (12 positions)
	0.886 0.001 0.112 0.001
	0.997 0.001 0.001 0.001
	0.053 0.113 0.015 0.819
	0.494 0.001 0.504 0.001
	0.6 0.001 0.398 0.001
	0.001 0.113 0.876 0.01
	0.001 0.76 0.001 0.238
	0.597 0.001 0.401 0.001
	0.989 0.009 0.001 0.001
	0.997 0.001 0.001 0.001
	0.651 0.001 0.235 0.113
	0.001 0.773 0.225 0.001

Comparing motif motif_Train3_22 (10 positions) versus motif motif_Train5_23 (12 positions):
... distance motif_Train3_22 versus motif_Train5_23 is calculated as  0.757 at offsets 1/8

	Motif2: motif_Train6_2 (10 positions)
	0.225 0.293 0.202 0.28
	0.354 0.181 0.277 0.187
	0.085 0.095 0.261 0.559
	0.032 0.966 0.001 0.001
	0.997 0.001 0.001 0.001
	0.001 0.001 0.997 0.001
	0.221 0.001 0.001 0.777
	0.053 0.71 0.001 0.236
	0.089 0.087 0.513 0.311
	0.264 0.223 0.177 0.337

Comparing motif motif_Train3_22 (10 positions) versus motif motif_Train6_2 (10 positions):
... distance motif_Train3_22 versus motif_Train6_2 is calculated as  0.336 at offsets 5/1

	Motif2: motif_Train7_2 (8 positions)
	0.068 0.11 0.295 0.527
	0.001 0.765 0.001 0.233
	0.916 0.001 0.082 0.001
	0.001 0.109 0.703 0.187
	0.313 0.001 0.001 0.685
	0.169 0.621 0.001 0.209
	0.268 0.239 0.366 0.127
	0.181 0.218 0.333 0.268

Comparing motif motif_Train3_22 (10 positions) versus motif motif_Train7_2 (8 positions):
... distance motif_Train3_22 versus motif_Train7_2 is calculated as  0.509 at offsets 1/4

	Motif2: motif_Train8_1 (10 positions)
	0.272 0.265 0.209 0.254
	0.303 0.173 0.244 0.28
	0.164 0.211 0.242 0.382
	0.188 0.81 0.001 0.001
	0.997 0.001 0.001 0.001
	0.019 0.13 0.82 0.031
	0.334 0.077 0.001 0.588
	0.137 0.49 0.001 0.372
	0.15 0.182 0.456 0.212
	0.237 0.218 0.237 0.307

Comparing motif motif_Train3_22 (10 positions) versus motif motif_Train8_1 (10 positions):
... distance motif_Train3_22 versus motif_Train8_1 is calculated as  0.366 at offsets 5/1

	Motif2: motif_Train9_2 (8 positions)
	0.189 0.177 0.268 0.366
	0.027 0.064 0.291 0.618
	0.001 0.881 0.001 0.117
	0.963 0.001 0.017 0.019
	0.001 0.001 0.976 0.022
	0.246 0.028 0.055 0.671
	0.034 0.666 0.001 0.299
	0.039 0.133 0.708 0.12

Comparing motif motif_Train3_22 (10 positions) versus motif motif_Train9_2 (8 positions):
... distance motif_Train3_22 versus motif_Train9_2 is calculated as  0.361 at offsets 6/1

Motif1: motif_Train4_25 (6 positions)
0.1 0.7 0.1 0.1
0.7 0.1 0.1 0.1
0.1 0.7 0.1 0.1
0.1 0.1 0.7 0.1
0.1 0.1 0.1 0.7
0.1 0.1 0.7 0.1

	Motif2: motif_Train5_23 (12 positions)
	0.886 0.001 0.112 0.001
	0.997 0.001 0.001 0.001
	0.053 0.113 0.015 0.819
	0.494 0.001 0.504 0.001
	0.6 0.001 0.398 0.001
	0.001 0.113 0.876 0.01
	0.001 0.76 0.001 0.238
	0.597 0.001 0.401 0.001
	0.989 0.009 0.001 0.001
	0.997 0.001 0.001 0.001
	0.651 0.001 0.235 0.113
	0.001 0.773 0.225 0.001

Comparing motif motif_Train4_25 (6 positions) versus motif motif_Train5_23 (12 positions):
... distance motif_Train4_25 versus motif_Train5_23 is calculated as  0.180 at offsets 3/1

	Motif2: motif_Train6_2 (10 positions)
	0.225 0.293 0.202 0.28
	0.354 0.181 0.277 0.187
	0.085 0.095 0.261 0.559
	0.032 0.966 0.001 0.001
	0.997 0.001 0.001 0.001
	0.001 0.001 0.997 0.001
	0.221 0.001 0.001 0.777
	0.053 0.71 0.001 0.236
	0.089 0.087 0.513 0.311
	0.264 0.223 0.177 0.337

Comparing motif motif_Train4_25 (6 positions) versus motif motif_Train6_2 (10 positions):
... distance motif_Train4_25 versus motif_Train6_2 is calculated as  0.180 at offsets 3/1

	Motif2: motif_Train7_2 (8 positions)
	0.068 0.11 0.295 0.527
	0.001 0.765 0.001 0.233
	0.916 0.001 0.082 0.001
	0.001 0.109 0.703 0.187
	0.313 0.001 0.001 0.685
	0.169 0.621 0.001 0.209
	0.268 0.239 0.366 0.127
	0.181 0.218 0.333 0.268

Comparing motif motif_Train4_25 (6 positions) versus motif motif_Train7_2 (8 positions):
... distance motif_Train4_25 versus motif_Train7_2 is calculated as  0.180 at offsets 3/1

	Motif2: motif_Train8_1 (10 positions)
	0.272 0.265 0.209 0.254
	0.303 0.173 0.244 0.28
	0.164 0.211 0.242 0.382
	0.188 0.81 0.001 0.001
	0.997 0.001 0.001 0.001
	0.019 0.13 0.82 0.031
	0.334 0.077 0.001 0.588
	0.137 0.49 0.001 0.372
	0.15 0.182 0.456 0.212
	0.237 0.218 0.237 0.307

Comparing motif motif_Train4_25 (6 positions) versus motif motif_Train8_1 (10 positions):
... distance motif_Train4_25 versus motif_Train8_1 is calculated as  0.180 at offsets 3/1

	Motif2: motif_Train9_2 (8 positions)
	0.189 0.177 0.268 0.366
	0.027 0.064 0.291 0.618
	0.001 0.881 0.001 0.117
	0.963 0.001 0.017 0.019
	0.001 0.001 0.976 0.022
	0.246 0.028 0.055 0.671
	0.034 0.666 0.001 0.299
	0.039 0.133 0.708 0.12

Comparing motif motif_Train4_25 (6 positions) versus motif motif_Train9_2 (8 positions):
... distance motif_Train4_25 versus motif_Train9_2 is calculated as  0.180 at offsets 3/1

Motif1: motif_Train5_23 (12 positions)
0.886 0.001 0.112 0.001
0.997 0.001 0.001 0.001
0.053 0.113 0.015 0.819
0.494 0.001 0.504 0.001
0.6 0.001 0.398 0.001
0.001 0.113 0.876 0.01
0.001 0.76 0.001 0.238
0.597 0.001 0.401 0.001
0.989 0.009 0.001 0.001
0.997 0.001 0.001 0.001
0.651 0.001 0.235 0.113
0.001 0.773 0.225 0.001

	Motif2: motif_Train6_2 (10 positions)
	0.225 0.293 0.202 0.28
	0.354 0.181 0.277 0.187
	0.085 0.095 0.261 0.559
	0.032 0.966 0.001 0.001
	0.997 0.001 0.001 0.001
	0.001 0.001 0.997 0.001
	0.221 0.001 0.001 0.777
	0.053 0.71 0.001 0.236
	0.089 0.087 0.513 0.311
	0.264 0.223 0.177 0.337

Comparing motif motif_Train5_23 (12 positions) versus motif motif_Train6_2 (10 positions):
... distance motif_Train5_23 versus motif_Train6_2 is calculated as  0.685 at offsets 1/5

	Motif2: motif_Train7_2 (8 positions)
	0.068 0.11 0.295 0.527
	0.001 0.765 0.001 0.233
	0.916 0.001 0.082 0.001
	0.001 0.109 0.703 0.187
	0.313 0.001 0.001 0.685
	0.169 0.621 0.001 0.209
	0.268 0.239 0.366 0.127
	0.181 0.218 0.333 0.268

Comparing motif motif_Train5_23 (12 positions) versus motif motif_Train7_2 (8 positions):
... distance motif_Train5_23 versus motif_Train7_2 is calculated as  0.501 at offsets 1/3

	Motif2: motif_Train8_1 (10 positions)
	0.272 0.265 0.209 0.254
	0.303 0.173 0.244 0.28
	0.164 0.211 0.242 0.382
	0.188 0.81 0.001 0.001
	0.997 0.001 0.001 0.001
	0.019 0.13 0.82 0.031
	0.334 0.077 0.001 0.588
	0.137 0.49 0.001 0.372
	0.15 0.182 0.456 0.212
	0.237 0.218 0.237 0.307

Comparing motif motif_Train5_23 (12 positions) versus motif motif_Train8_1 (10 positions):
... distance motif_Train5_23 versus motif_Train8_1 is calculated as  0.555 at offsets 4/1

	Motif2: motif_Train9_2 (8 positions)
	0.189 0.177 0.268 0.366
	0.027 0.064 0.291 0.618
	0.001 0.881 0.001 0.117
	0.963 0.001 0.017 0.019
	0.001 0.001 0.976 0.022
	0.246 0.028 0.055 0.671
	0.034 0.666 0.001 0.299
	0.039 0.133 0.708 0.12

Comparing motif motif_Train5_23 (12 positions) versus motif motif_Train9_2 (8 positions):
... distance motif_Train5_23 versus motif_Train9_2 is calculated as  0.693 at offsets 1/4

Motif1: motif_Train6_2 (10 positions)
0.225 0.293 0.202 0.28
0.354 0.181 0.277 0.187
0.085 0.095 0.261 0.559
0.032 0.966 0.001 0.001
0.997 0.001 0.001 0.001
0.001 0.001 0.997 0.001
0.221 0.001 0.001 0.777
0.053 0.71 0.001 0.236
0.089 0.087 0.513 0.311
0.264 0.223 0.177 0.337

	Motif2: motif_Train7_2 (8 positions)
	0.068 0.11 0.295 0.527
	0.001 0.765 0.001 0.233
	0.916 0.001 0.082 0.001
	0.001 0.109 0.703 0.187
	0.313 0.001 0.001 0.685
	0.169 0.621 0.001 0.209
	0.268 0.239 0.366 0.127
	0.181 0.218 0.333 0.268

Comparing motif motif_Train6_2 (10 positions) versus motif motif_Train7_2 (8 positions):
... distance motif_Train6_2 versus motif_Train7_2 is calculated as  0.054 at offsets 3/1

	Motif2: motif_Train8_1 (10 positions)
	0.272 0.265 0.209 0.254
	0.303 0.173 0.244 0.28
	0.164 0.211 0.242 0.382
	0.188 0.81 0.001 0.001
	0.997 0.001 0.001 0.001
	0.019 0.13 0.82 0.031
	0.334 0.077 0.001 0.588
	0.137 0.49 0.001 0.372
	0.15 0.182 0.456 0.212
	0.237 0.218 0.237 0.307

Comparing motif motif_Train6_2 (10 positions) versus motif motif_Train8_1 (10 positions):
... distance motif_Train6_2 versus motif_Train8_1 is calculated as  0.032 at offsets 1/1

	Motif2: motif_Train9_2 (8 positions)
	0.189 0.177 0.268 0.366
	0.027 0.064 0.291 0.618
	0.001 0.881 0.001 0.117
	0.963 0.001 0.017 0.019
	0.001 0.001 0.976 0.022
	0.246 0.028 0.055 0.671
	0.034 0.666 0.001 0.299
	0.039 0.133 0.708 0.12

Comparing motif motif_Train6_2 (10 positions) versus motif motif_Train9_2 (8 positions):
... distance motif_Train6_2 versus motif_Train9_2 is calculated as  0.024 at offsets 2/1

Motif1: motif_Train7_2 (8 positions)
0.068 0.11 0.295 0.527
0.001 0.765 0.001 0.233
0.916 0.001 0.082 0.001
0.001 0.109 0.703 0.187
0.313 0.001 0.001 0.685
0.169 0.621 0.001 0.209
0.268 0.239 0.366 0.127
0.181 0.218 0.333 0.268

	Motif2: motif_Train8_1 (10 positions)
	0.272 0.265 0.209 0.254
	0.303 0.173 0.244 0.28
	0.164 0.211 0.242 0.382
	0.188 0.81 0.001 0.001
	0.997 0.001 0.001 0.001
	0.019 0.13 0.82 0.031
	0.334 0.077 0.001 0.588
	0.137 0.49 0.001 0.372
	0.15 0.182 0.456 0.212
	0.237 0.218 0.237 0.307

Comparing motif motif_Train7_2 (8 positions) versus motif motif_Train8_1 (10 positions):
... distance motif_Train7_2 versus motif_Train8_1 is calculated as  0.037 at offsets 1/3

	Motif2: motif_Train9_2 (8 positions)
	0.189 0.177 0.268 0.366
	0.027 0.064 0.291 0.618
	0.001 0.881 0.001 0.117
	0.963 0.001 0.017 0.019
	0.001 0.001 0.976 0.022
	0.246 0.028 0.055 0.671
	0.034 0.666 0.001 0.299
	0.039 0.133 0.708 0.12

Comparing motif motif_Train7_2 (8 positions) versus motif motif_Train9_2 (8 positions):
... distance motif_Train7_2 versus motif_Train9_2 is calculated as  0.054 at offsets 1/2

Motif1: motif_Train8_1 (10 positions)
0.272 0.265 0.209 0.254
0.303 0.173 0.244 0.28
0.164 0.211 0.242 0.382
0.188 0.81 0.001 0.001
0.997 0.001 0.001 0.001
0.019 0.13 0.82 0.031
0.334 0.077 0.001 0.588
0.137 0.49 0.001 0.372
0.15 0.182 0.456 0.212
0.237 0.218 0.237 0.307

	Motif2: motif_Train9_2 (8 positions)
	0.189 0.177 0.268 0.366
	0.027 0.064 0.291 0.618
	0.001 0.881 0.001 0.117
	0.963 0.001 0.017 0.019
	0.001 0.001 0.976 0.022
	0.246 0.028 0.055 0.671
	0.034 0.666 0.001 0.299
	0.039 0.133 0.708 0.12

Comparing motif motif_Train8_1 (10 positions) versus motif motif_Train9_2 (8 positions):
... distance motif_Train8_1 versus motif_Train9_2 is calculated as  0.046 at offsets 2/1

Motif1: motif_Train9_2 (8 positions)
0.189 0.177 0.268 0.366
0.027 0.064 0.291 0.618
0.001 0.881 0.001 0.117
0.963 0.001 0.017 0.019
0.001 0.001 0.976 0.022
0.246 0.028 0.055 0.671
0.034 0.666 0.001 0.299
0.039 0.133 0.708 0.12



Merging motifs motif_10_2 and motif_Train6_2 (distance  0.010 at offsets 1/1)

Determining pairwise distances for motif set:

Motif1: motif_10_2m (10 positions)
0.2475 0.2765 0.211 0.2645
0.3315 0.177 0.2605 0.2305
0.0585 0.0955 0.3195 0.527
0.0165 0.952 0.001 0.0305
0.9865 0.001 0.0115 0.001
0.001 0.001 0.961 0.037
0.225 0.001 0.001 0.773
0.0575 0.6625 0.001 0.279
0.1165 0.1315 0.506 0.246
0.2655 0.224 0.2035 0.307

	Motif2: motif_Train1_2 (10 positions)
	0.245 0.261 0.226 0.268
	0.288 0.199 0.281 0.232
	0.192 0.162 0.284 0.361
	0.001 0.997 0.001 0.001
	0.976 0.001 0.001 0.022
	0.001 0.001 0.826 0.172
	0.398 0.001 0.001 0.6
	0.267 0.434 0.001 0.298
	0.257 0.155 0.332 0.255
	0.266 0.227 0.259 0.248

Comparing motif motif_10_2m (10 positions) versus motif motif_Train1_2 (10 positions):
... distance motif_10_2m versus motif_Train1_2 is calculated as  0.031 at offsets 1/1

	Motif2: motif_Train2_2 (8 positions)
	0.224 0.17 0.351 0.254
	0.001 0.001 0.257 0.741
	0.001 0.997 0.001 0.001
	0.997 0.001 0.001 0.001
	0.001 0.001 0.997 0.001
	0.257 0.001 0.001 0.741
	0.037 0.589 0.001 0.373
	0.038 0.045 0.84 0.077

Comparing motif motif_10_2m (10 positions) versus motif motif_Train2_2 (8 positions):
... distance motif_10_2m versus motif_Train2_2 is calculated as  0.032 at offsets 2/1

	Motif2: motif_Train3_22 (10 positions)
	0.001 0.001 0.997 0.001
	0.997 0.001 0.001 0.001
	0.001 0.997 0.001 0.001
	0.001 0.001 0.997 0.001
	0.001 0.95 0.017 0.032
	0.997 0.001 0.001 0.001
	0.001 0.001 0.997 0.001
	0.001 0.997 0.001 0.001
	0.903 0.032 0.001 0.064
	0.001 0.001 0.997 0.001

Comparing motif motif_10_2m (10 positions) versus motif motif_Train3_22 (10 positions):
... distance motif_10_2m versus motif_Train3_22 is calculated as  0.328 at offsets 1/5

	Motif2: motif_Train4_25 (6 positions)
	0.1 0.7 0.1 0.1
	0.7 0.1 0.1 0.1
	0.1 0.7 0.1 0.1
	0.1 0.1 0.7 0.1
	0.1 0.1 0.1 0.7
	0.1 0.1 0.7 0.1

Comparing motif motif_10_2m (10 positions) versus motif motif_Train4_25 (6 positions):
... distance motif_10_2m versus motif_Train4_25 is calculated as  0.451 at offsets 6/1

	Motif2: motif_Train5_23 (12 positions)
	0.886 0.001 0.112 0.001
	0.997 0.001 0.001 0.001
	0.053 0.113 0.015 0.819
	0.494 0.001 0.504 0.001
	0.6 0.001 0.398 0.001
	0.001 0.113 0.876 0.01
	0.001 0.76 0.001 0.238
	0.597 0.001 0.401 0.001
	0.989 0.009 0.001 0.001
	0.997 0.001 0.001 0.001
	0.651 0.001 0.235 0.113
	0.001 0.773 0.225 0.001

Comparing motif motif_10_2m (10 positions) versus motif motif_Train5_23 (12 positions):
... distance motif_10_2m versus motif_Train5_23 is calculated as  0.647 at offsets 5/1

	Motif2: motif_Train7_2 (8 positions)
	0.068 0.11 0.295 0.527
	0.001 0.765 0.001 0.233
	0.916 0.001 0.082 0.001
	0.001 0.109 0.703 0.187
	0.313 0.001 0.001 0.685
	0.169 0.621 0.001 0.209
	0.268 0.239 0.366 0.127
	0.181 0.218 0.333 0.268

Comparing motif motif_10_2m (10 positions) versus motif motif_Train7_2 (8 positions):
... distance motif_10_2m versus motif_Train7_2 is calculated as  0.040 at offsets 3/1

	Motif2: motif_Train8_1 (10 positions)
	0.272 0.265 0.209 0.254
	0.303 0.173 0.244 0.28
	0.164 0.211 0.242 0.382
	0.188 0.81 0.001 0.001
	0.997 0.001 0.001 0.001
	0.019 0.13 0.82 0.031
	0.334 0.077 0.001 0.588
	0.137 0.49 0.001 0.372
	0.15 0.182 0.456 0.212
	0.237 0.218 0.237 0.307

Comparing motif motif_10_2m (10 positions) versus motif motif_Train8_1 (10 positions):
... distance motif_10_2m versus motif_Train8_1 is calculated as  0.025 at offsets 1/1

	Motif2: motif_Train9_2 (8 positions)
	0.189 0.177 0.268 0.366
	0.027 0.064 0.291 0.618
	0.001 0.881 0.001 0.117
	0.963 0.001 0.017 0.019
	0.001 0.001 0.976 0.022
	0.246 0.028 0.055 0.671
	0.034 0.666 0.001 0.299
	0.039 0.133 0.708 0.12

Comparing motif motif_10_2m (10 positions) versus motif motif_Train9_2 (8 positions):
... distance motif_10_2m versus motif_Train9_2 is calculated as  0.018 at offsets 2/1

Motif1: motif_Train1_2 (10 positions)
0.245 0.261 0.226 0.268
0.288 0.199 0.281 0.232
0.192 0.162 0.284 0.361
0.001 0.997 0.001 0.001
0.976 0.001 0.001 0.022
0.001 0.001 0.826 0.172
0.398 0.001 0.001 0.6
0.267 0.434 0.001 0.298
0.257 0.155 0.332 0.255
0.266 0.227 0.259 0.248

	Motif2: motif_Train2_2 (8 positions)
	0.224 0.17 0.351 0.254
	0.001 0.001 0.257 0.741
	0.001 0.997 0.001 0.001
	0.997 0.001 0.001 0.001
	0.001 0.001 0.997 0.001
	0.257 0.001 0.001 0.741
	0.037 0.589 0.001 0.373
	0.038 0.045 0.84 0.077

Comparing motif motif_Train1_2 (10 positions) versus motif motif_Train2_2 (8 positions):
... distance motif_Train1_2 versus motif_Train2_2 is calculated as  0.094 at offsets 2/1

	Motif2: motif_Train3_22 (10 positions)
	0.001 0.001 0.997 0.001
	0.997 0.001 0.001 0.001
	0.001 0.997 0.001 0.001
	0.001 0.001 0.997 0.001
	0.001 0.95 0.017 0.032
	0.997 0.001 0.001 0.001
	0.001 0.001 0.997 0.001
	0.001 0.997 0.001 0.001
	0.903 0.032 0.001 0.064
	0.001 0.001 0.997 0.001

Comparing motif motif_Train1_2 (10 positions) versus motif motif_Train3_22 (10 positions):
... distance motif_Train1_2 versus motif_Train3_22 is calculated as  0.346 at offsets 1/5

	Motif2: motif_Train4_25 (6 positions)
	0.1 0.7 0.1 0.1
	0.7 0.1 0.1 0.1
	0.1 0.7 0.1 0.1
	0.1 0.1 0.7 0.1
	0.1 0.1 0.1 0.7
	0.1 0.1 0.7 0.1

Comparing motif motif_Train1_2 (10 positions) versus motif motif_Train4_25 (6 positions):
... distance motif_Train1_2 versus motif_Train4_25 is calculated as  0.400 at offsets 6/1

	Motif2: motif_Train5_23 (12 positions)
	0.886 0.001 0.112 0.001
	0.997 0.001 0.001 0.001
	0.053 0.113 0.015 0.819
	0.494 0.001 0.504 0.001
	0.6 0.001 0.398 0.001
	0.001 0.113 0.876 0.01
	0.001 0.76 0.001 0.238
	0.597 0.001 0.401 0.001
	0.989 0.009 0.001 0.001
	0.997 0.001 0.001 0.001
	0.651 0.001 0.235 0.113
	0.001 0.773 0.225 0.001

Comparing motif motif_Train1_2 (10 positions) versus motif motif_Train5_23 (12 positions):
... distance motif_Train1_2 versus motif_Train5_23 is calculated as  0.529 at offsets 1/4

	Motif2: motif_Train7_2 (8 positions)
	0.068 0.11 0.295 0.527
	0.001 0.765 0.001 0.233
	0.916 0.001 0.082 0.001
	0.001 0.109 0.703 0.187
	0.313 0.001 0.001 0.685
	0.169 0.621 0.001 0.209
	0.268 0.239 0.366 0.127
	0.181 0.218 0.333 0.268

Comparing motif motif_Train1_2 (10 positions) versus motif motif_Train7_2 (8 positions):
... distance motif_Train1_2 versus motif_Train7_2 is calculated as  0.037 at offsets 3/1

	Motif2: motif_Train8_1 (10 positions)
	0.272 0.265 0.209 0.254
	0.303 0.173 0.244 0.28
	0.164 0.211 0.242 0.382
	0.188 0.81 0.001 0.001
	0.997 0.001 0.001 0.001
	0.019 0.13 0.82 0.031
	0.334 0.077 0.001 0.588
	0.137 0.49 0.001 0.372
	0.15 0.182 0.456 0.212
	0.237 0.218 0.237 0.307

Comparing motif motif_Train1_2 (10 positions) versus motif motif_Train8_1 (10 positions):
... distance motif_Train1_2 versus motif_Train8_1 is calculated as  0.019 at offsets 1/1

	Motif2: motif_Train9_2 (8 positions)
	0.189 0.177 0.268 0.366
	0.027 0.064 0.291 0.618
	0.001 0.881 0.001 0.117
	0.963 0.001 0.017 0.019
	0.001 0.001 0.976 0.022
	0.246 0.028 0.055 0.671
	0.034 0.666 0.001 0.299
	0.039 0.133 0.708 0.12

Comparing motif motif_Train1_2 (10 positions) versus motif motif_Train9_2 (8 positions):
... distance motif_Train1_2 versus motif_Train9_2 is calculated as  0.069 at offsets 2/1

Motif1: motif_Train2_2 (8 positions)
0.224 0.17 0.351 0.254
0.001 0.001 0.257 0.741
0.001 0.997 0.001 0.001
0.997 0.001 0.001 0.001
0.001 0.001 0.997 0.001
0.257 0.001 0.001 0.741
0.037 0.589 0.001 0.373
0.038 0.045 0.84 0.077

	Motif2: motif_Train3_22 (10 positions)
	0.001 0.001 0.997 0.001
	0.997 0.001 0.001 0.001
	0.001 0.997 0.001 0.001
	0.001 0.001 0.997 0.001
	0.001 0.95 0.017 0.032
	0.997 0.001 0.001 0.001
	0.001 0.001 0.997 0.001
	0.001 0.997 0.001 0.001
	0.903 0.032 0.001 0.064
	0.001 0.001 0.997 0.001

Comparing motif motif_Train2_2 (8 positions) versus motif motif_Train3_22 (10 positions):
... distance motif_Train2_2 versus motif_Train3_22 is calculated as  0.384 at offsets 1/6

	Motif2: motif_Train4_25 (6 positions)
	0.1 0.7 0.1 0.1
	0.7 0.1 0.1 0.1
	0.1 0.7 0.1 0.1
	0.1 0.1 0.7 0.1
	0.1 0.1 0.1 0.7
	0.1 0.1 0.7 0.1

Comparing motif motif_Train2_2 (8 positions) versus motif motif_Train4_25 (6 positions):
... distance motif_Train2_2 versus motif_Train4_25 is calculated as  0.478 at offsets 3/1

	Motif2: motif_Train5_23 (12 positions)
	0.886 0.001 0.112 0.001
	0.997 0.001 0.001 0.001
	0.053 0.113 0.015 0.819
	0.494 0.001 0.504 0.001
	0.6 0.001 0.398 0.001
	0.001 0.113 0.876 0.01
	0.001 0.76 0.001 0.238
	0.597 0.001 0.401 0.001
	0.989 0.009 0.001 0.001
	0.997 0.001 0.001 0.001
	0.651 0.001 0.235 0.113
	0.001 0.773 0.225 0.001

Comparing motif motif_Train2_2 (8 positions) versus motif motif_Train5_23 (12 positions):
... distance motif_Train2_2 versus motif_Train5_23 is calculated as  0.707 at offsets 4/1

	Motif2: motif_Train7_2 (8 positions)
	0.068 0.11 0.295 0.527
	0.001 0.765 0.001 0.233
	0.916 0.001 0.082 0.001
	0.001 0.109 0.703 0.187
	0.313 0.001 0.001 0.685
	0.169 0.621 0.001 0.209
	0.268 0.239 0.366 0.127
	0.181 0.218 0.333 0.268

Comparing motif motif_Train2_2 (8 positions) versus motif motif_Train7_2 (8 positions):
... distance motif_Train2_2 versus motif_Train7_2 is calculated as  0.098 at offsets 2/1

	Motif2: motif_Train8_1 (10 positions)
	0.272 0.265 0.209 0.254
	0.303 0.173 0.244 0.28
	0.164 0.211 0.242 0.382
	0.188 0.81 0.001 0.001
	0.997 0.001 0.001 0.001
	0.019 0.13 0.82 0.031
	0.334 0.077 0.001 0.588
	0.137 0.49 0.001 0.372
	0.15 0.182 0.456 0.212
	0.237 0.218 0.237 0.307

Comparing motif motif_Train2_2 (8 positions) versus motif motif_Train8_1 (10 positions):
... distance motif_Train2_2 versus motif_Train8_1 is calculated as  0.074 at offsets 1/2

	Motif2: motif_Train9_2 (8 positions)
	0.189 0.177 0.268 0.366
	0.027 0.064 0.291 0.618
	0.001 0.881 0.001 0.117
	0.963 0.001 0.017 0.019
	0.001 0.001 0.976 0.022
	0.246 0.028 0.055 0.671
	0.034 0.666 0.001 0.299
	0.039 0.133 0.708 0.12

Comparing motif motif_Train2_2 (8 positions) versus motif motif_Train9_2 (8 positions):
... distance motif_Train2_2 versus motif_Train9_2 is calculated as  0.015 at offsets 1/1

Motif1: motif_Train3_22 (10 positions)
0.001 0.001 0.997 0.001
0.997 0.001 0.001 0.001
0.001 0.997 0.001 0.001
0.001 0.001 0.997 0.001
0.001 0.95 0.017 0.032
0.997 0.001 0.001 0.001
0.001 0.001 0.997 0.001
0.001 0.997 0.001 0.001
0.903 0.032 0.001 0.064
0.001 0.001 0.997 0.001

	Motif2: motif_Train4_25 (6 positions)
	0.1 0.7 0.1 0.1
	0.7 0.1 0.1 0.1
	0.1 0.7 0.1 0.1
	0.1 0.1 0.7 0.1
	0.1 0.1 0.1 0.7
	0.1 0.1 0.7 0.1

Comparing motif motif_Train3_22 (10 positions) versus motif motif_Train4_25 (6 positions):
... distance motif_Train3_22 versus motif_Train4_25 is calculated as  0.668 at offsets 5/1

	Motif2: motif_Train5_23 (12 positions)
	0.886 0.001 0.112 0.001
	0.997 0.001 0.001 0.001
	0.053 0.113 0.015 0.819
	0.494 0.001 0.504 0.001
	0.6 0.001 0.398 0.001
	0.001 0.113 0.876 0.01
	0.001 0.76 0.001 0.238
	0.597 0.001 0.401 0.001
	0.989 0.009 0.001 0.001
	0.997 0.001 0.001 0.001
	0.651 0.001 0.235 0.113
	0.001 0.773 0.225 0.001

Comparing motif motif_Train3_22 (10 positions) versus motif motif_Train5_23 (12 positions):
... distance motif_Train3_22 versus motif_Train5_23 is calculated as  0.757 at offsets 1/8

	Motif2: motif_Train7_2 (8 positions)
	0.068 0.11 0.295 0.527
	0.001 0.765 0.001 0.233
	0.916 0.001 0.082 0.001
	0.001 0.109 0.703 0.187
	0.313 0.001 0.001 0.685
	0.169 0.621 0.001 0.209
	0.268 0.239 0.366 0.127
	0.181 0.218 0.333 0.268

Comparing motif motif_Train3_22 (10 positions) versus motif motif_Train7_2 (8 positions):
... distance motif_Train3_22 versus motif_Train7_2 is calculated as  0.509 at offsets 1/4

	Motif2: motif_Train8_1 (10 positions)
	0.272 0.265 0.209 0.254
	0.303 0.173 0.244 0.28
	0.164 0.211 0.242 0.382
	0.188 0.81 0.001 0.001
	0.997 0.001 0.001 0.001
	0.019 0.13 0.82 0.031
	0.334 0.077 0.001 0.588
	0.137 0.49 0.001 0.372
	0.15 0.182 0.456 0.212
	0.237 0.218 0.237 0.307

Comparing motif motif_Train3_22 (10 positions) versus motif motif_Train8_1 (10 positions):
... distance motif_Train3_22 versus motif_Train8_1 is calculated as  0.366 at offsets 5/1

	Motif2: motif_Train9_2 (8 positions)
	0.189 0.177 0.268 0.366
	0.027 0.064 0.291 0.618
	0.001 0.881 0.001 0.117
	0.963 0.001 0.017 0.019
	0.001 0.001 0.976 0.022
	0.246 0.028 0.055 0.671
	0.034 0.666 0.001 0.299
	0.039 0.133 0.708 0.12

Comparing motif motif_Train3_22 (10 positions) versus motif motif_Train9_2 (8 positions):
... distance motif_Train3_22 versus motif_Train9_2 is calculated as  0.361 at offsets 6/1

Motif1: motif_Train4_25 (6 positions)
0.1 0.7 0.1 0.1
0.7 0.1 0.1 0.1
0.1 0.7 0.1 0.1
0.1 0.1 0.7 0.1
0.1 0.1 0.1 0.7
0.1 0.1 0.7 0.1

	Motif2: motif_Train5_23 (12 positions)
	0.886 0.001 0.112 0.001
	0.997 0.001 0.001 0.001
	0.053 0.113 0.015 0.819
	0.494 0.001 0.504 0.001
	0.6 0.001 0.398 0.001
	0.001 0.113 0.876 0.01
	0.001 0.76 0.001 0.238
	0.597 0.001 0.401 0.001
	0.989 0.009 0.001 0.001
	0.997 0.001 0.001 0.001
	0.651 0.001 0.235 0.113
	0.001 0.773 0.225 0.001

Comparing motif motif_Train4_25 (6 positions) versus motif motif_Train5_23 (12 positions):
... distance motif_Train4_25 versus motif_Train5_23 is calculated as  0.180 at offsets 3/1

	Motif2: motif_Train7_2 (8 positions)
	0.068 0.11 0.295 0.527
	0.001 0.765 0.001 0.233
	0.916 0.001 0.082 0.001
	0.001 0.109 0.703 0.187
	0.313 0.001 0.001 0.685
	0.169 0.621 0.001 0.209
	0.268 0.239 0.366 0.127
	0.181 0.218 0.333 0.268

Comparing motif motif_Train4_25 (6 positions) versus motif motif_Train7_2 (8 positions):
... distance motif_Train4_25 versus motif_Train7_2 is calculated as  0.180 at offsets 3/1

	Motif2: motif_Train8_1 (10 positions)
	0.272 0.265 0.209 0.254
	0.303 0.173 0.244 0.28
	0.164 0.211 0.242 0.382
	0.188 0.81 0.001 0.001
	0.997 0.001 0.001 0.001
	0.019 0.13 0.82 0.031
	0.334 0.077 0.001 0.588
	0.137 0.49 0.001 0.372
	0.15 0.182 0.456 0.212
	0.237 0.218 0.237 0.307

Comparing motif motif_Train4_25 (6 positions) versus motif motif_Train8_1 (10 positions):
... distance motif_Train4_25 versus motif_Train8_1 is calculated as  0.180 at offsets 3/1

	Motif2: motif_Train9_2 (8 positions)
	0.189 0.177 0.268 0.366
	0.027 0.064 0.291 0.618
	0.001 0.881 0.001 0.117
	0.963 0.001 0.017 0.019
	0.001 0.001 0.976 0.022
	0.246 0.028 0.055 0.671
	0.034 0.666 0.001 0.299
	0.039 0.133 0.708 0.12

Comparing motif motif_Train4_25 (6 positions) versus motif motif_Train9_2 (8 positions):
... distance motif_Train4_25 versus motif_Train9_2 is calculated as  0.180 at offsets 3/1

Motif1: motif_Train5_23 (12 positions)
0.886 0.001 0.112 0.001
0.997 0.001 0.001 0.001
0.053 0.113 0.015 0.819
0.494 0.001 0.504 0.001
0.6 0.001 0.398 0.001
0.001 0.113 0.876 0.01
0.001 0.76 0.001 0.238
0.597 0.001 0.401 0.001
0.989 0.009 0.001 0.001
0.997 0.001 0.001 0.001
0.651 0.001 0.235 0.113
0.001 0.773 0.225 0.001

	Motif2: motif_Train7_2 (8 positions)
	0.068 0.11 0.295 0.527
	0.001 0.765 0.001 0.233
	0.916 0.001 0.082 0.001
	0.001 0.109 0.703 0.187
	0.313 0.001 0.001 0.685
	0.169 0.621 0.001 0.209
	0.268 0.239 0.366 0.127
	0.181 0.218 0.333 0.268

Comparing motif motif_Train5_23 (12 positions) versus motif motif_Train7_2 (8 positions):
... distance motif_Train5_23 versus motif_Train7_2 is calculated as  0.501 at offsets 1/3

	Motif2: motif_Train8_1 (10 positions)
	0.272 0.265 0.209 0.254
	0.303 0.173 0.244 0.28
	0.164 0.211 0.242 0.382
	0.188 0.81 0.001 0.001
	0.997 0.001 0.001 0.001
	0.019 0.13 0.82 0.031
	0.334 0.077 0.001 0.588
	0.137 0.49 0.001 0.372
	0.15 0.182 0.456 0.212
	0.237 0.218 0.237 0.307

Comparing motif motif_Train5_23 (12 positions) versus motif motif_Train8_1 (10 positions):
... distance motif_Train5_23 versus motif_Train8_1 is calculated as  0.555 at offsets 4/1

	Motif2: motif_Train9_2 (8 positions)
	0.189 0.177 0.268 0.366
	0.027 0.064 0.291 0.618
	0.001 0.881 0.001 0.117
	0.963 0.001 0.017 0.019
	0.001 0.001 0.976 0.022
	0.246 0.028 0.055 0.671
	0.034 0.666 0.001 0.299
	0.039 0.133 0.708 0.12

Comparing motif motif_Train5_23 (12 positions) versus motif motif_Train9_2 (8 positions):
... distance motif_Train5_23 versus motif_Train9_2 is calculated as  0.693 at offsets 1/4

Motif1: motif_Train7_2 (8 positions)
0.068 0.11 0.295 0.527
0.001 0.765 0.001 0.233
0.916 0.001 0.082 0.001
0.001 0.109 0.703 0.187
0.313 0.001 0.001 0.685
0.169 0.621 0.001 0.209
0.268 0.239 0.366 0.127
0.181 0.218 0.333 0.268

	Motif2: motif_Train8_1 (10 positions)
	0.272 0.265 0.209 0.254
	0.303 0.173 0.244 0.28
	0.164 0.211 0.242 0.382
	0.188 0.81 0.001 0.001
	0.997 0.001 0.001 0.001
	0.019 0.13 0.82 0.031
	0.334 0.077 0.001 0.588
	0.137 0.49 0.001 0.372
	0.15 0.182 0.456 0.212
	0.237 0.218 0.237 0.307

Comparing motif motif_Train7_2 (8 positions) versus motif motif_Train8_1 (10 positions):
... distance motif_Train7_2 versus motif_Train8_1 is calculated as  0.037 at offsets 1/3

	Motif2: motif_Train9_2 (8 positions)
	0.189 0.177 0.268 0.366
	0.027 0.064 0.291 0.618
	0.001 0.881 0.001 0.117
	0.963 0.001 0.017 0.019
	0.001 0.001 0.976 0.022
	0.246 0.028 0.055 0.671
	0.034 0.666 0.001 0.299
	0.039 0.133 0.708 0.12

Comparing motif motif_Train7_2 (8 positions) versus motif motif_Train9_2 (8 positions):
... distance motif_Train7_2 versus motif_Train9_2 is calculated as  0.054 at offsets 1/2

Motif1: motif_Train8_1 (10 positions)
0.272 0.265 0.209 0.254
0.303 0.173 0.244 0.28
0.164 0.211 0.242 0.382
0.188 0.81 0.001 0.001
0.997 0.001 0.001 0.001
0.019 0.13 0.82 0.031
0.334 0.077 0.001 0.588
0.137 0.49 0.001 0.372
0.15 0.182 0.456 0.212
0.237 0.218 0.237 0.307

	Motif2: motif_Train9_2 (8 positions)
	0.189 0.177 0.268 0.366
	0.027 0.064 0.291 0.618
	0.001 0.881 0.001 0.117
	0.963 0.001 0.017 0.019
	0.001 0.001 0.976 0.022
	0.246 0.028 0.055 0.671
