>CYAGATGGCGCT	6-CYAGATGGCGCT	7.948420	-405.883195	0	T:428.0(2.53%),B:136.2(0.44%),P:1e-176
0.216	0.691	0.056	0.037
0.087	0.401	0.006	0.506
0.981	0.006	0.012	0.001
0.025	0.006	0.968	0.001
0.882	0.006	0.111	0.001
0.025	0.025	0.019	0.931
0.133	0.001	0.860	0.006
0.062	0.001	0.736	0.201
0.050	0.913	0.012	0.025
0.120	0.025	0.727	0.128
0.060	0.620	0.079	0.241
0.081	0.173	0.276	0.470
