>TTTAGTGTTTAC	22-TTTAGTGTTTAC	10.041022	-70.603435	0	T:33.0(0.19%),B:4.0(0.01%),P:1e-30
0.058	0.086	0.066	0.790
0.041	0.125	0.078	0.756
0.057	0.088	0.103	0.752
0.699	0.078	0.096	0.127
0.079	0.146	0.621	0.154
0.071	0.050	0.026	0.853
0.073	0.112	0.697	0.118
0.069	0.029	0.074	0.828
0.050	0.045	0.061	0.844
0.051	0.059	0.130	0.760
0.700	0.064	0.108	0.128
0.085	0.700	0.106	0.109
