>CGCCTTTTCTCT	10-AGAGAAAAGGCG	12.358033	-245.431531	0	T:94.0(0.55%),B:5.7(0.02%),P:1e-106
0.121	0.595	0.172	0.112
0.028	0.056	0.818	0.098
0.218	0.670	0.042	0.070
0.107	0.795	0.014	0.084
0.098	0.042	0.056	0.804
0.028	0.070	0.014	0.888
0.028	0.042	0.014	0.916
0.014	0.014	0.001	0.971
0.050	0.866	0.056	0.028
0.014	0.056	0.001	0.929
0.014	0.838	0.070	0.078
0.042	0.028	0.001	0.929
