>CAGACGTCGTCT	21-CAGACGTCGTCT,BestGuess:Mad/dmmpmm(Pollard)/fly(0.583)	9.356878	-79.114462	0	T:64.0(0.38%),B:15.8(0.05%),P:1e-34
0.071	0.720	0.121	0.088
0.583	0.122	0.097	0.198
0.082	0.046	0.724	0.148
0.547	0.151	0.059	0.243
0.072	0.723	0.079	0.126
0.217	0.018	0.655	0.110
0.071	0.123	0.001	0.805
0.027	0.779	0.051	0.143
0.067	0.030	0.809	0.094
0.126	0.071	0.190	0.613
0.045	0.716	0.098	0.141
0.134	0.145	0.076	0.645
