>CTGTTTAGTCTC	11-CTGTTTAGTCTC,BestGuess:MF0005.1_Forkhead_class/Jaspar(0.713)	10.821551	-244.370658	0	T:82.0(0.48%),B:3.5(0.01%),P:1e-106
0.009	0.863	0.035	0.093
0.018	0.027	0.009	0.946
0.035	0.070	0.833	0.062
0.026	0.050	0.018	0.906
0.018	0.053	0.009	0.920
0.018	0.009	0.094	0.879
0.833	0.018	0.044	0.105
0.026	0.067	0.889	0.018
0.018	0.087	0.018	0.877
0.073	0.678	0.085	0.164
0.045	0.144	0.053	0.758
0.079	0.629	0.053	0.239
