>TGAAGCCAACAC	20-TGAAGCCAACAC,BestGuess:fkh/dmmpmm(Noyes)/fly(0.592)	10.769431	-83.459091	0	T:33.0(0.19%),B:2.8(0.01%),P:1e-36
0.079	0.063	0.029	0.829
0.047	0.079	0.801	0.073
0.904	0.048	0.016	0.032
0.889	0.016	0.063	0.032
0.136	0.057	0.775	0.032
0.001	0.873	0.016	0.110
0.063	0.874	0.047	0.016
0.779	0.032	0.173	0.016
0.937	0.031	0.031	0.001
0.048	0.826	0.063	0.063
0.863	0.032	0.016	0.089
0.095	0.667	0.175	0.063
