>AGAGAAAAGGCG	10-AGAGAAAAGGCG,BestGuess:dl/dmmpmm(Pollard)/fly(0.643)	12.358033	-245.431531	0	T:94.0(0.55%),B:5.7(0.02%),P:1e-106
0.929	0.001	0.028	0.042
0.078	0.070	0.838	0.014
0.929	0.001	0.056	0.014
0.028	0.056	0.866	0.050
0.971	0.001	0.014	0.014
0.916	0.014	0.042	0.028
0.888	0.014	0.070	0.028
0.804	0.056	0.042	0.098
0.084	0.014	0.795	0.107
0.070	0.042	0.670	0.218
0.098	0.818	0.056	0.028
0.112	0.172	0.595	0.121
