------------------------
BREd_Dm position-specific probability matrix
------------------------
letter-probability matrix:
0.499	0.001	0.499	0.001
0.001	0.001	0.001	0.997
0.333	0.001	0.333	0.333
0.001	0.001	0.499	0.499
0.001	0.001	0.499	0.499
0.001	0.001	0.499	0.499
0.001	0.001	0.499	0.499

------------------------
BREu_Dm position-specific probability matrix
------------------------
letter-probability matrix:
0.001	0.499	0.499	0.001
0.001	0.499	0.499	0.001
0.499	0.001	0.499	0.001
0.001	0.997	0.001	0.001
0.001	0.001	0.997	0.001
0.001	0.997	0.001	0.001
0.001	0.997	0.001	0.001

------------------------
Caudal(homeobox)_Dm position-specific probability matrix
------------------------
letter-probability matrix:
0.232	0.134	0.474	0.160
0.245	0.148	0.606	0.001
0.022	0.539	0.021	0.418
0.209	0.756	0.028	0.007
0.725	0.021	0.245	0.009
0.001	0.001	0.002	0.996
0.980	0.001	0.012	0.007
0.947	0.001	0.004	0.048
0.954	0.042	0.003	0.001
0.446	0.129	0.121	0.304

------------------------
DRE(F)_Dm position-specific probability matrix
------------------------
letter-probability matrix:
0.436	0.120	0.216	0.229
0.335	0.208	0.297	0.161
0.230	0.405	0.104	0.261
0.155	0.113	0.017	0.715
0.934	0.012	0.015	0.039
0.004	0.010	0.020	0.966
0.010	0.980	0.001	0.009
0.011	0.005	0.983	0.001
0.954	0.018	0.011	0.017
0.027	0.032	0.007	0.934
0.654	0.019	0.129	0.198
0.290	0.079	0.370	0.261

------------------------
E-box_Dm position-specific probability matrix
------------------------
letter-probability matrix:
0.560	0.168	0.225	0.047
0.493	0.117	0.096	0.295
0.021	0.971	0.007	0.001
0.957	0.005	0.003	0.035
0.083	0.011	0.880	0.026
0.068	0.850	0.007	0.075
0.024	0.001	0.003	0.972
0.001	0.001	0.981	0.017
0.304	0.072	0.128	0.496
0.038	0.218	0.145	0.599
0.208	0.254	0.192	0.346
0.244	0.197	0.332	0.226

------------------------
Inr_Dm position-specific probability matrix
------------------------
letter-probability matrix:
0.261	0.230	0.211	0.297
0.001	0.048	0.070	0.881
0.001	0.976	0.022	0.001
0.921	0.001	0.077	0.001
0.085	0.001	0.855	0.059
0.049	0.072	0.001	0.878
0.110	0.471	0.001	0.418
0.156	0.192	0.440	0.212

------------------------
TATA_Dm position-specific probability matrix
------------------------
letter-probability matrix:
0.037	0.557	0.405	0.001
0.001	0.001	0.001	0.997
0.997	0.001	0.001	0.001
0.001	0.001	0.001	0.997
0.997	0.001	0.001	0.001
0.713	0.001	0.001	0.285
0.997	0.001	0.001	0.001
0.997	0.001	0.001	0.001
0.279	0.001	0.688	0.032
0.129	0.527	0.280	0.064
0.187	0.426	0.281	0.106
0.224	0.280	0.349	0.147

------------------------
DPE_Dm position-specific probability matrix
------------------------
letter-probability matrix:
0.499	0.001	0.499	0.001
0.001	0.001	0.997	0.001
0.499	0.001	0.001	0.499
0.001	0.499	0.001	0.499
0.333	0.333	0.333	0.001
0.001	0.001	0.001	0.997

------------------------
MTE_Dm position-specific probability matrix
------------------------
letter-probability matrix:
0.001	0.997	0.001	0.001
0.001	0.499	0.499	0.001
0.997	0.001	0.001	0.001
0.499	0.001	0.499	0.001
0.001	0.997	0.001	0.001
0.001	0.499	0.499	0.001
0.001	0.499	0.499	0.001
0.997	0.001	0.001	0.001
0.997	0.001	0.001	0.001
0.001	0.997	0.001	0.001

------------------------
ohler_6 position-specific probability matrix
------------------------
letter-probability matrix:
0.001	0.001	0.499	0.499
0.001	0.001	0.001	0.997
0.001	0.499	0.001	0.499
0.499	0.001	0.499	0.001
0.001	0.001	0.997	0.001
0.001	0.001	0.001	0.997
0.997	0.001	0.001	0.001
0.001	0.001	0.001	0.997
0.499	0.001	0.001	0.499
0.001	0.001	0.001	0.997
0.001	0.001	0.001	0.997
0.001	0.001	0.001	0.997

------------------------
ohler_7 position-specific probability matrix
------------------------
letter-probability matrix:
0.001	0.001	0.499	0.499
0.25	0.25	0.25	0.25
0.25	0.25	0.25	0.25
0.001	0.997	0.001	0.001
0.997	0.001	0.001	0.001
0.001	0.001	0.499	0.499
0.001	0.997	0.001	0.001
0.25	0.25	0.25	0.25
0.001	0.997	0.001	0.001
0.001	0.001	0.001	0.997
0.499	0.001	0.499	0.001
0.25	0.25	0.25	0.25
0.001	0.499	0.001	0.499

------------------------
ohler_8 position-specific probability matrix
------------------------
letter-probability matrix:
0.499	0.499	0.001	0.001
0.001	0.001	0.499	0.499
0.001	0.499	0.499	0.001
0.001	0.499	0.001	0.499
0.001	0.001	0.997	0.001
0.001	0.001	0.997	0.001
0.001	0.997	0.001	0.001
0.997	0.001	0.001	0.001
0.499	0.001	0.499	0.001
0.001	0.997	0.001	0.001
0.001	0.001	0.997	0.001
0.001	0.499	0.499	0.001
0.001	0.499	0.001	0.499
0.001	0.499	0.499	0.001
0.001	0.499	0.499	0.001

------------------------
TCT_Dm position-specific probability matrix
------------------------
letter-probability matrix:
0.001	0.499	0.001	0.499
0.001	0.499	0.001	0.499
0.001	0.997	0.001	0.001
0.001	0.001	0.001	0.997
0.001	0.001	0.001	0.997
0.001	0.001	0.001	0.997
0.001	0.499	0.001	0.499
0.001	0.499	0.001	0.499

------------------------
ohler1 position-specific probability matrix
------------------------
letter-probability matrix:
0.001   0.499   0.001   0.499
0.001   0.001   0.997   0.001
0.001   0.001   0.997   0.001
0.001   0.001   0.001   0.997
0.001   0.997   0.001   0.001
0.997   0.001   0.001   0.001
0.001   0.997   0.001   0.001
0.997   0.001   0.001   0.001
0.001   0.997   0.001   0.001
0.001   0.001   0.001   0.997
0.499   0.001   0.499   0.001
