>TCAGTYGNYN	5-TCAGTYGNYN,BestGuess:Initiator/Drosophila-Promoters/Homer(0.930)	4.995820	-628.850173	0	T:5976.0(35.29%),B:7518.2(23.25%),P:1e-273
0.125	0.074	0.169	0.632
0.049	0.599	0.076	0.276
0.868	0.010	0.021	0.101
0.024	0.066	0.853	0.057
0.139	0.166	0.047	0.648
0.106	0.487	0.061	0.346
0.167	0.174	0.440	0.219
0.221	0.210	0.225	0.344
0.103	0.308	0.197	0.392
0.269	0.218	0.197	0.316

>GACTGAMR	5-GACTGAMR	5.635520	-522.412340	0	T:5912.0(34.91%),B:7728.1(23.89%),P:1e-226	Tpos:84.6,Tstd:38.1,Bpos:75.4,Bstd:49.6,StrandBias:-1.0,Multiplicity:1.13
0.421	0.001	0.577	0.001
0.960	0.001	0.001	0.038
0.087	0.911	0.001	0.001
0.001	0.015	0.001	0.983
0.255	0.037	0.662	0.046
0.769	0.124	0.106	0.001
0.351	0.304	0.165	0.180
0.273	0.162	0.410	0.155

>CGACTGAC	7-CGACTGAC	5.852196	-465.316132	0	T:3340.0(19.72%),B:3755.3(11.61%),P:1e-202	Tpos:91.2,Tstd:32.4,Bpos:74.8,Bstd:49.5,StrandBias:-1.5,Multiplicity:1.11
0.152	0.690	0.082	0.076
0.192	0.039	0.698	0.071
0.898	0.026	0.014	0.062
0.068	0.801	0.109	0.022
0.098	0.034	0.026	0.842
0.074	0.031	0.858	0.037
0.783	0.103	0.049	0.065
0.209	0.433	0.183	0.175

>TCAGTCGASTGA	10-TCAGTCGASTGA	10.594918	-261.837223	0	T:164.0(0.97%),B:26.4(0.08%),P:1e-113	Tpos:104.0,Tstd:11.9,Bpos:79.0,Bstd:55.6,StrandBias:4.5,Multiplicity:1.00
0.131	0.029	0.126	0.714
0.007	0.733	0.117	0.143
0.837	0.116	0.007	0.040
0.052	0.011	0.887	0.050
0.011	0.004	0.004	0.981
0.011	0.957	0.017	0.015
0.022	0.139	0.791	0.048
0.610	0.028	0.028	0.334
0.255	0.308	0.406	0.032
0.028	0.232	0.244	0.496
0.011	0.093	0.560	0.336
0.454	0.181	0.146	0.219

>TGTCAG	11-TGTCAG	4.091943	-157.173185	0	T:2773.0(16.38%),B:3820.6(11.81%),P:1e-68	Tpos:84.0,Tstd:39.4,Bpos:74.7,Bstd:49.6,StrandBias:-0.0,Multiplicity:1.10
0.001	0.001	0.001	0.997
0.001	0.001	0.997	0.001
0.015	0.001	0.001	0.983
0.001	0.997	0.001	0.001
0.997	0.001	0.001	0.001
0.012	0.001	0.986	0.001

>TGAAAACTGAAA	21-TGAAAACTGAAA	9.088168	-110.358310	0	T:609.0(3.60%),B:608.2(1.88%),P:1e-47	Tpos:76.1,Tstd:43.1,Bpos:76.1,Bstd:46.3,StrandBias:-0.4,Multiplicity:1.05
0.082	0.067	0.066	0.785
0.028	0.071	0.837	0.064
0.910	0.026	0.023	0.041
0.922	0.064	0.013	0.001
0.778	0.056	0.158	0.008
0.847	0.050	0.057	0.046
0.106	0.702	0.113	0.079
0.118	0.018	0.003	0.861
0.048	0.100	0.846	0.006
0.829	0.118	0.029	0.024
0.863	0.062	0.064	0.011
0.821	0.073	0.040	0.066

>CAGCTGAT	22-CAGCTGAT	8.533792	-68.426897	0	T:583.0(3.44%),B:671.3(2.08%),P:1e-29	Tpos:73.8,Tstd:37.5,Bpos:80.4,Bstd:46.1,StrandBias:-0.1,Multiplicity:1.03
0.001	0.997	0.001	0.001
0.997	0.001	0.001	0.001
0.001	0.001	0.997	0.001
0.001	0.997	0.001	0.001
0.001	0.101	0.001	0.897
0.001	0.001	0.997	0.001
0.782	0.001	0.001	0.216
0.001	0.001	0.001	0.997

>CTAGTC	16-CTAGTC	6.632869	-58.262560	0	T:3322.0(19.62%),B:5353.3(16.55%),P:1e-25	Tpos:81.9,Tstd:40.0,Bpos:74.8,Bstd:49.3,StrandBias:0.2,Multiplicity:1.11
0.001	0.739	0.259	0.001
0.254	0.001	0.001	0.744
0.997	0.001	0.001	0.001
0.001	0.001	0.997	0.001
0.001	0.001	0.001	0.997
0.001	0.997	0.001	0.001

>TAAGTCGTYGGG	24-TAAGTCGTYGGG	13.003303	-45.007448	0	T:17.0(0.10%),B:1.6(0.00%),P:1e-19	Tpos:80.2,Tstd:40.6,Bpos:86.4,Bstd:39.4,StrandBias:5.4,Multiplicity:2.47
0.001	0.123	0.001	0.875
0.876	0.122	0.001	0.001
0.876	0.122	0.001	0.001
0.001	0.001	0.997	0.001
0.001	0.001	0.001	0.997
0.122	0.876	0.001	0.001
0.001	0.001	0.997	0.001
0.001	0.001	0.001	0.997
0.001	0.505	0.001	0.493
0.123	0.001	0.753	0.123
0.001	0.001	0.997	0.001
0.247	0.123	0.629	0.001