>TATAAAAT	10-TATAAAAT	5.975519	-326.215943	0	T:4275.0(25.25%),B:5647.0(17.46%),P:1e-141	Tpos:60.5,Tstd:38.9,Bpos:75.7,Bstd:45.0,StrandBias:0.4,Multiplicity:1.18
0.038	0.016	0.207	0.739
0.722	0.064	0.156	0.058
0.093	0.050	0.049	0.808
0.840	0.059	0.043	0.058
0.779	0.028	0.030	0.163
0.784	0.020	0.176	0.020
0.741	0.087	0.075	0.097
0.280	0.046	0.085	0.589

>GTATAAAA	8-GTATAAAA	9.005754	-449.386865	0	T:876.0(5.17%),B:508.3(1.57%),P:1e-195	Tpos:70.5,Tstd:19.5,Bpos:75.6,Bstd:46.7,StrandBias:2.9,Multiplicity:1.00
0.001	0.001	0.997	0.001
0.001	0.001	0.001	0.997
0.997	0.001	0.001	0.001
0.001	0.001	0.001	0.997
0.997	0.001	0.001	0.001
0.871	0.001	0.001	0.127
0.997	0.001	0.001	0.001
0.997	0.001	0.001	0.001

>TATAAA	4-TATAAA	6.177716	-353.630688	0	T:2704.0(15.97%),B:3071.7(9.50%),P:1e-153
0.100	0.100	0.100	0.700
0.700	0.100	0.100	0.100
0.100	0.100	0.100	0.700
0.700	0.100	0.100	0.100
0.700	0.100	0.100	0.100
0.700	0.100	0.100	0.100

>GVGTATAWAAAG	5-GVGTATAWAAAG	9.140588	-681.855456	0	T:847.0(5.00%),B:334.8(1.04%),P:1e-296	Tpos:70.3,Tstd:19.1,Bpos:76.3,Bstd:43.7,StrandBias:2.9,Multiplicity:1.01
0.070	0.231	0.437	0.262
0.301	0.257	0.364	0.079
0.216	0.001	0.725	0.058
0.016	0.001	0.011	0.972
0.993	0.001	0.005	0.001
0.019	0.001	0.010	0.970
0.997	0.001	0.001	0.001
0.560	0.001	0.001	0.438
0.964	0.001	0.034	0.001
0.986	0.001	0.001	0.012
0.581	0.001	0.300	0.118
0.157	0.261	0.532	0.050

>GTATAAAAGG	3-GTATAAAAGG	8.644088	-649.622318	0	T:817.0(4.82%),B:326.5(1.01%),P:1e-282	Tpos:71.9,Tstd:17.5,Bpos:76.7,Bstd:42.7,StrandBias:3.2,Multiplicity:1.00
0.128	0.078	0.750	0.044
0.007	0.027	0.033	0.933
0.930	0.026	0.029	0.015
0.019	0.023	0.018	0.940
0.930	0.009	0.011	0.050
0.575	0.042	0.062	0.321
0.922	0.007	0.064	0.007
0.765	0.044	0.047	0.144
0.307	0.033	0.547	0.113
0.073	0.160	0.711	0.056