Motif Name (# sites) [Overlap Counts]	Dpm1 (662)	Dpm2 (1588)	Dpm3 (1081)	Dpm4 (890)	Dpm5 (1268)	Dpm6 (395)	Dpm7 (251)	Dpm8 (283)
Dpm1 (662)	26	74	77	128	63	23	13	18
Dpm2 (1588)	74	83	197	109	118	70	38	40
Dpm3 (1081)	77	197	57	65	91	61	35	36
Dpm4 (890)	128	109	65	34	153	40	18	21
Dpm5 (1268)	63	118	91	153	59	30	26	30
Dpm6 (395)	23	70	61	40	30	12	49	17
Dpm7 (251)	13	38	35	18	26	49	5	8
Dpm8 (283)	18	40	36	21	30	17	8	6
