Motif Name (# sites) [observed/expected]	Dpm1 (1003)	Dpm2 (2393)	Dpm3 (1274)	Dpm4 (1264)	Dpm5 (1617)	Dpm6 (726)	Dpm7 (435)	Dpm8 (490)
Dpm1 (1003)	1.24091963066886	0.828704859095926	1.05152360813947	1.78587654757247	0.756715629240911	0.973470772256234	0.921465488591696	0.947199218670519
Dpm2 (2393)	0.828704859095926	0.947860836484548	1.06192774451386	0.933914582088052	0.880417813138248	1.02918406417248	0.975719411501938	0.938383209531201
Dpm3 (1274)	1.05152360813947	1.06192774451386	0.928124871737193	0.854107465771119	0.770366659579488	1.18963287794457	1.12636460419712	1.03383205715567
Dpm4 (1264)	1.78587654757247	0.933914582088052	0.854107465771119	0.861034037216301	1.20610326984649	1.17598598179726	1.0198239487851	0.973682510979075
Dpm5 (1617)	0.756715629240911	0.880417813138248	0.770366659579488	1.20610326984649	0.714950618604503	0.711977252709248	0.872397443826015	0.8412403922608
Dpm6 (726)	0.973470772256234	1.02918406417248	1.18963287794457	1.17598598179726	0.711977252709248	1.88371680932722	2.74709477217314	1.13015123404734
Dpm7 (435)	0.921465488591696	0.975719411501938	1.12636460419712	1.0198239487851	0.872397443826015	2.74709477217314	1.91694176221934	1.09200093830636
Dpm8 (490)	0.947199218670519	0.938383209531201	1.03383205715567	0.973682510979075	0.8412403922608	1.13015123404734	1.09200093830636	1.20831248606856
