Motif Name (# sites) [values are natural log, + values for divergence]	Dpm1 (1003)	Dpm2 (2393)	Dpm3 (1274)	Dpm4 (1264)	Dpm5 (1617)	Dpm6 (726)	Dpm7 (435)	Dpm8 (490)
Dpm1 (1003)	-2.90687370647777	5.48591606702258	-1.2157502540844	-33.1502187126644	6.97936236394354	0.811957603215635	1.0718254376631	0.927248476601068
Dpm2 (2393)	5.48591606702258	1.63482995982466	-1.89558534682023	2.00572641072961	4.63757330297967	-1.01165519914211	0.842984765260598	1.28694538637335
Dpm3 (1274)	-1.2157502540844	-1.89558534682023	1.25866854347027	3.33230115508122	7.69746011850699	-3.10030351005084	-1.62736299096359	-0.880682500251406
Dpm4 (1264)	-33.1502187126644	2.00572641072961	3.33230115508122	2.11443697792271	-5.90293060996488	-2.83812305617799	-0.773200810836566	0.789238936669206
Dpm5 (1617)	6.97936236394354	4.63757330297967	7.69746011850699	-5.90293060996488	7.58295743301435	7.09690101717496	1.81379879390939	2.40066939337439
Dpm6 (726)	0.811957603215635	-1.01165519914211	-3.10030351005084	-2.83812305617799	7.09690101717496	-10.5677740331121	-33.5235021694484	-1.40027861909534
Dpm7 (435)	1.0718254376631	0.842984765260598	-1.62736299096359	-0.773200810836566	1.81379879390939	-33.5235021694484	-4.83156103123082	-0.997850399897387
Dpm8 (490)	0.927248476601068	1.28694538637335	-0.880682500251406	0.789238936669206	2.40066939337439	-1.40027861909534	-0.997850399897387	-1.28888517897048
