Motif Name (# sites) [observed/expected]	Dpm1 (662)	Dpm2 (1588)	Dpm3 (1081)	Dpm4 (890)	Dpm5 (1268)	Dpm6 (395)	Dpm7 (251)	Dpm8 (283)
Dpm1 (662)	1.22108787511137	0.744747235687597	1.1383942919586	2.29851658236872	0.794052055238404	0.930590079926575	0.827746416148096	1.0165148975692
Dpm2 (1588)	0.744747235687597	0.700488721650386	1.21415938689104	0.815965244955141	0.620008899554228	1.18069062270829	1.00866057181852	0.941691662735534
Dpm3 (1081)	1.1383942919586	1.21415938689104	1.00432314160879	0.714797991871862	0.702396133968723	1.51144626986264	1.36475375095363	1.24501917149087
Dpm4 (890)	2.29851658236872	0.815965244955141	0.714797991871862	0.898296909214346	1.4343919469748	1.20381169108235	0.852500111911903	0.882121729463612
Dpm5 (1268)	0.794052055238404	0.620008899554228	0.702396133968723	1.4343919469748	0.774794042943308	0.63371001876772	0.86430304020511	0.884506916654591
Dpm6 (395)	0.930590079926575	1.18069062270829	1.51144626986264	1.20381169108235	0.63371001876772	1.58265436847937	5.22890715618539	1.60898152703851
Dpm7 (251)	0.827746416148096	1.00866057181852	1.36475375095363	0.852500111911903	0.86430304020511	5.22890715618539	1.65126389611106	1.19155885292751
Dpm8 (283)	1.0165148975692	0.941691662735534	1.24501917149087	0.882121729463612	0.884506916654591	1.60898152703851	1.19155885292751	1.55801354680525
