>CAGTCG	1-CAGTCG	5.761343	-1025.255633	0	T:4227.0(24.96%),B:3924.7(12.25%),P:1e-445	Tpos:41.8,Tstd:17.9,Bpos:34.8,Bstd:24.2,StrandBias:0.7,Multiplicity:1.06
0.001	0.726	0.001	0.272
0.900	0.001	0.098	0.001
0.001	0.001	0.706	0.292
0.395	0.001	0.001	0.603
0.008	0.718	0.001	0.273
0.001	0.001	0.593	0.405
>GCAGAC	2-GCAGAC	6.177716	-985.582800	0	T:2010.0(11.87%),B:1218.8(3.80%),P:1e-428	Tpos:36.8,Tstd:16.4,Bpos:34.7,Bstd:24.4,StrandBias:-0.3,Multiplicity:1.06
0.100	0.100	0.700	0.100
0.100	0.700	0.100	0.100
0.700	0.100	0.100	0.100
0.100	0.100	0.700	0.100
0.700	0.100	0.100	0.100
0.100	0.700	0.100	0.100
>TATAAA	3-TATAAA	6.177716	-719.938564	0	T:1849.0(10.92%),B:1295.1(4.04%),P:1e-312	Tpos:24.7,Tstd:11.1,Bpos:35.8,Bstd:21.6,StrandBias:2.1,Multiplicity:1.05
0.100	0.100	0.100	0.700
0.700	0.100	0.100	0.100
0.100	0.100	0.100	0.700
0.700	0.100	0.100	0.100
0.700	0.100	0.100	0.100
0.700	0.100	0.100	0.100
>TCAGTC	4-TCAGTC	5.676434	-677.101885	0	T:3646.0(21.53%),B:3714.3(11.59%),P:1e-294	Tpos:45.1,Tstd:15.3,Bpos:35.2,Bstd:24.2,StrandBias:2.0,Multiplicity:1.10
0.001	0.001	0.001	0.997
0.001	0.886	0.001	0.112
0.997	0.001	0.001	0.001
0.001	0.001	0.997	0.001
0.001	0.001	0.001	0.997
0.001	0.644	0.001	0.354
>ACTAAG	5-ACTAAG	5.092877	-462.190746	0	T:4713.0(27.83%),B:5869.8(18.32%),P:1e-200	Tpos:38.3,Tstd:17.7,Bpos:34.5,Bstd:24.1,StrandBias:-1.0,Multiplicity:1.06
0.824	0.139	0.036	0.001
0.021	0.825	0.153	0.001
0.004	0.007	0.001	0.988
0.646	0.001	0.346	0.007
0.847	0.151	0.001	0.001
0.296	0.202	0.498	0.004
>GAMTGA	6-GAMTGA	4.936095	-377.946662	0	T:4523.0(26.71%),B:5824.7(18.18%),P:1e-164	Tpos:40.9,Tstd:17.8,Bpos:34.9,Bstd:21.9,StrandBias:-1.1,Multiplicity:1.10
0.001	0.186	0.574	0.239
0.862	0.001	0.001	0.136
0.332	0.430	0.156	0.083
0.125	0.001	0.095	0.779
0.001	0.001	0.997	0.001
0.567	0.362	0.001	0.070
>TCGGCT	7-TCGGCT	5.866664	-348.873576	0	T:3663.0(21.63%),B:4533.2(14.15%),P:1e-151	Tpos:35.4,Tstd:19.1,Bpos:34.6,Bstd:22.3,StrandBias:-0.1,Multiplicity:1.08
0.001	0.212	0.001	0.786
0.001	0.768	0.230	0.001
0.219	0.001	0.493	0.287
0.001	0.025	0.973	0.001
0.001	0.997	0.001	0.001
0.001	0.001	0.001	0.997
>GTTGCC	8-GTTGCC	6.177716	-186.930584	0	T:1210.0(7.14%),B:1270.4(3.96%),P:1e-81	Tpos:27.7,Tstd:17.5,Bpos:35.0,Bstd:21.7,StrandBias:-1.3,Multiplicity:1.04
0.100	0.100	0.700	0.100
0.100	0.100	0.100	0.700
0.100	0.100	0.100	0.700
0.100	0.100	0.700	0.100
0.100	0.700	0.100	0.100
0.100	0.700	0.100	0.100
>GCCTTT	9-GCCTTT	4.137793	-123.708948	0	T:4734.0(27.95%),B:7316.6(22.83%),P:1e-53	Tpos:34.5,Tstd:18.7,Bpos:35.0,Bstd:21.1,StrandBias:0.0,Multiplicity:1.14
0.001	0.117	0.826	0.056
0.072	0.590	0.337	0.001
0.059	0.733	0.001	0.207
0.161	0.276	0.058	0.505
0.040	0.181	0.106	0.673
0.039	0.191	0.078	0.692
>TAAACA	10-TAAACA	6.177716	-120.488283	0	T:1154.0(6.81%),B:1360.3(4.25%),P:1e-52	Tpos:35.0,Tstd:18.5,Bpos:34.8,Bstd:22.7,StrandBias:-0.6,Multiplicity:1.07
0.100	0.100	0.100	0.700
0.700	0.100	0.100	0.100
0.700	0.100	0.100	0.100
0.700	0.100	0.100	0.100
0.100	0.700	0.100	0.100
0.700	0.100	0.100	0.100
>CGCCAT	11-CGCCAT	6.177716	-103.722911	0	T:906.0(5.35%),B:1040.3(3.25%),P:1e-45	Tpos:36.5,Tstd:19.9,Bpos:34.3,Bstd:19.7,StrandBias:-0.4,Multiplicity:1.02
0.100	0.700	0.100	0.100
0.100	0.100	0.700	0.100
0.100	0.700	0.100	0.100
0.100	0.700	0.100	0.100
0.700	0.100	0.100	0.100
0.100	0.100	0.100	0.700
>CTAGCG	12-CTAGCG	6.177716	-89.150683	0	T:544.0(3.21%),B:558.5(1.74%),P:1e-38	Tpos:27.3,Tstd:16.7,Bpos:34.3,Bstd:23.1,StrandBias:-0.8,Multiplicity:1.05
0.100	0.700	0.100	0.100
0.100	0.100	0.100	0.700
0.700	0.100	0.100	0.100
0.100	0.100	0.700	0.100
0.100	0.700	0.100	0.100
0.100	0.100	0.700	0.100
>TGACAA	13-TGACAA	4.744917	-70.923824	0	T:3055.0(18.04%),B:4735.4(14.78%),P:1e-30	Tpos:37.6,Tstd:19.2,Bpos:35.1,Bstd:23.2,StrandBias:-0.1,Multiplicity:1.10
0.156	0.095	0.001	0.748
0.001	0.167	0.831	0.001
0.571	0.100	0.057	0.272
0.001	0.855	0.082	0.062
0.747	0.001	0.001	0.251
0.584	0.099	0.260	0.057
>GGAGGG	14-GGAGGG	5.410170	-46.738857	0	T:1438.0(8.49%),B:2125.8(6.63%),P:1e-20	Tpos:29.1,Tstd:18.5,Bpos:34.9,Bstd:18.8,StrandBias:0.2,Multiplicity:1.09
0.310	0.154	0.531	0.005
0.318	0.052	0.523	0.107
0.656	0.051	0.136	0.157
0.063	0.001	0.935	0.001
0.103	0.042	0.854	0.001
0.012	0.001	0.643	0.344
>CTAGAT	15-CTAGAT	6.177716	-44.990191	0	T:518.0(3.06%),B:640.4(2.00%),P:1e-19	Tpos:30.3,Tstd:18.1,Bpos:34.1,Bstd:21.3,StrandBias:0.4,Multiplicity:1.05
0.100	0.700	0.100	0.100
0.100	0.100	0.100	0.700
0.700	0.100	0.100	0.100
0.100	0.100	0.700	0.100
0.700	0.100	0.100	0.100
0.100	0.100	0.100	0.700
>GATTCA	16-GATTCA	6.871451	-41.645490	0	T:1382.0(8.16%),B:2064.0(6.44%),P:1e-18	Tpos:36.0,Tstd:19.9,Bpos:34.6,Bstd:21.1,StrandBias:0.1,Multiplicity:1.03
0.001	0.001	0.997	0.001
0.759	0.239	0.001	0.001
0.001	0.001	0.001	0.997
0.001	0.001	0.001	0.997
0.001	0.997	0.001	0.001
0.997	0.001	0.001	0.001
>GCAATG	17-GCAATG	7.914135	-25.955467	0	T:575.0(3.40%),B:811.7(2.53%),P:1e-11	Tpos:32.4,Tstd:19.3,Bpos:34.9,Bstd:20.6,StrandBias:0.2,Multiplicity:1.01
0.001	0.001	0.997	0.001
0.001	0.997	0.001	0.001
0.997	0.001	0.001	0.001
0.678	0.001	0.001	0.320
0.001	0.001	0.001	0.997
0.001	0.001	0.997	0.001
>CACGTG	18-CACGTG	6.177716	-25.035968	0	T:258.0(1.52%),B:313.7(0.98%),P:1e-10	Tpos:38.9,Tstd:20.0,Bpos:34.6,Bstd:21.9,StrandBias:0.0,Multiplicity:1.01
0.100	0.700	0.100	0.100
0.700	0.100	0.100	0.100
0.100	0.700	0.100	0.100
0.100	0.100	0.700	0.100
0.100	0.100	0.100	0.700
0.100	0.100	0.700	0.100
