>DTKTCGTCTGCT	1-DTKTCGTCTGCT	8.121527	-1823.689528	0	T:1623.0(9.58%),B:441.1(1.38%),P:1e-792	Tpos:36.5,Tstd:14.7,Bpos:35.1,Bstd:21.9,StrandBias:0.3,Multiplicity:1.02
0.335	0.155	0.216	0.295
0.271	0.161	0.120	0.449
0.211	0.039	0.417	0.333
0.056	0.061	0.124	0.759
0.129	0.693	0.017	0.161
0.021	0.001	0.900	0.078
0.075	0.004	0.026	0.895
0.001	0.995	0.001	0.003
0.015	0.009	0.017	0.959
0.017	0.008	0.974	0.001
0.076	0.823	0.022	0.079
0.272	0.053	0.013	0.662
>GTATAWAARVNV	2-GTATAWAARVNV	8.801201	-1198.716652	0	T:1062.0(6.27%),B:283.3(0.88%),P:1e-520	Tpos:24.5,Tstd:6.4,Bpos:35.5,Bstd:20.1,StrandBias:4.1,Multiplicity:1.00
0.170	0.246	0.504	0.080
0.029	0.001	0.022	0.948
0.954	0.001	0.001	0.044
0.001	0.001	0.001	0.997
0.997	0.001	0.001	0.001
0.574	0.001	0.001	0.424
0.997	0.001	0.001	0.001
0.791	0.001	0.001	0.207
0.492	0.096	0.354	0.057
0.231	0.295	0.372	0.102
0.227	0.330	0.251	0.192
0.216	0.263	0.358	0.162
>AAARTCGTATAA	3-AAARTCGTATAA	9.633858	-679.264218	0	T:146.0(0.86%),B:1.9(0.01%),P:1e-294	Tpos:18.8,Tstd:3.8,Bpos:21.2,Bstd:8.1,StrandBias:7.2,Multiplicity:1.00
0.995	0.001	0.002	0.002
0.997	0.001	0.001	0.001
0.997	0.001	0.001	0.001
0.483	0.001	0.493	0.024
0.001	0.001	0.001	0.997
0.005	0.976	0.018	0.001
0.001	0.001	0.969	0.029
0.001	0.001	0.001	0.997
0.997	0.001	0.001	0.001
0.001	0.001	0.001	0.997
0.997	0.001	0.001	0.001
0.997	0.001	0.001	0.001
>NNNNTTCAGTYG	4-NNNNTTCAGTYG	7.388940	-604.955468	0	T:1375.0(8.12%),B:885.1(2.76%),P:1e-262	Tpos:46.6,Tstd:11.5,Bpos:35.0,Bstd:21.6,StrandBias:2.8,Multiplicity:1.02
0.227	0.230	0.219	0.324
0.247	0.277	0.207	0.269
0.251	0.245	0.184	0.320
0.243	0.233	0.263	0.261
0.184	0.177	0.238	0.401
0.001	0.001	0.015	0.983
0.001	0.997	0.001	0.001
0.996	0.001	0.001	0.002
0.001	0.001	0.997	0.001
0.001	0.001	0.001	0.997
0.001	0.431	0.001	0.567
0.001	0.001	0.888	0.110
>TGGCAACGYTGY	5-TGGCAACGYTGY	8.161110	-584.715933	0	T:674.0(3.98%),B:243.7(0.76%),P:1e-253	Tpos:25.6,Tstd:13.3,Bpos:35.1,Bstd:19.6,StrandBias:2.3,Multiplicity:1.01
0.101	0.176	0.010	0.713
0.053	0.057	0.734	0.156
0.237	0.003	0.688	0.072
0.002	0.996	0.001	0.001
0.997	0.001	0.001	0.001
0.733	0.046	0.129	0.092
0.003	0.809	0.001	0.187
0.212	0.061	0.653	0.074
0.010	0.394	0.100	0.496
0.065	0.228	0.019	0.688
0.055	0.062	0.761	0.122
0.150	0.408	0.057	0.386
>TGTCTGCTAGAM	6-TGTCTGCTAGAM	10.672147	-397.329843	0	T:156.0(0.92%),B:9.7(0.03%),P:1e-172	Tpos:35.5,Tstd:18.5,Bpos:64.0,Bstd:0.0,StrandBias:0.6,Multiplicity:1.00
0.095	0.146	0.001	0.758
0.001	0.001	0.997	0.001
0.001	0.001	0.001	0.997
0.001	0.997	0.001	0.001
0.001	0.001	0.001	0.997
0.001	0.001	0.997	0.001
0.001	0.997	0.001	0.001
0.001	0.001	0.001	0.997
0.997	0.001	0.001	0.001
0.095	0.001	0.736	0.168
0.516	0.001	0.183	0.300
0.516	0.410	0.001	0.073
>AGTGAGCATCTC	7-AGTGAGCATCTC	9.237156	-340.401633	0	T:119.0(0.70%),B:5.5(0.02%),P:1e-147	Tpos:61.3,Tstd:6.9,Bpos:41.8,Bstd:16.5,StrandBias:10.0,Multiplicity:1.00
0.997	0.001	0.001	0.001
0.001	0.001	0.997	0.001
0.001	0.147	0.139	0.713
0.001	0.001	0.997	0.001
0.996	0.002	0.001	0.001
0.002	0.001	0.996	0.001
0.001	0.884	0.001	0.114
0.997	0.001	0.001	0.001
0.001	0.001	0.001	0.997
0.002	0.996	0.001	0.001
0.001	0.001	0.001	0.997
0.001	0.997	0.001	0.001
>GAGAGAAAAGTC	8-GAGAGAAAAGTC	11.086574	-291.498802	0	T:106.0(0.63%),B:5.8(0.02%),P:1e-126	Tpos:35.3,Tstd:7.5,Bpos:46.5,Bstd:3.2,StrandBias:3.2,Multiplicity:1.00
0.034	0.232	0.639	0.095
0.828	0.026	0.095	0.051
0.159	0.074	0.746	0.021
0.713	0.001	0.223	0.063
0.277	0.040	0.551	0.132
0.889	0.006	0.006	0.099
0.919	0.046	0.034	0.001
0.904	0.001	0.017	0.078
0.577	0.204	0.029	0.190
0.214	0.017	0.706	0.063
0.109	0.063	0.270	0.558
0.284	0.624	0.069	0.023
>TYGCTAGATGTC	9-TYGCTAGATGTC	11.649819	-237.031418	0	T:62.0(0.37%),B:1.8(0.01%),P:1e-102	Tpos:28.7,Tstd:10.4,Bpos:27.7,Bstd:9.1,StrandBias:2.7,Multiplicity:1.00
0.072	0.001	0.001	0.926
0.001	0.480	0.001	0.518
0.299	0.001	0.699	0.001
0.073	0.853	0.001	0.073
0.001	0.159	0.001	0.839
0.997	0.001	0.001	0.001
0.001	0.001	0.997	0.001
0.853	0.145	0.001	0.001
0.001	0.001	0.001	0.997
0.001	0.001	0.997	0.001
0.001	0.001	0.001	0.997
0.001	0.926	0.001	0.072
>ATCTGGCAACGT	10-ATCTGGCAACGT	11.360640	-231.072351	0	T:116.0(0.68%),B:12.5(0.04%),P:1e-100	Tpos:23.6,Tstd:11.7,Bpos:40.3,Bstd:11.4,StrandBias:2.6,Multiplicity:1.00
0.961	0.019	0.019	0.001
0.001	0.018	0.001	0.980
0.001	0.911	0.001	0.087
0.019	0.019	0.019	0.943
0.019	0.001	0.961	0.019
0.001	0.001	0.997	0.001
0.001	0.997	0.001	0.001
0.980	0.018	0.001	0.001
0.748	0.019	0.001	0.232
0.001	0.949	0.001	0.049
0.132	0.019	0.761	0.088
0.001	0.131	0.019	0.849
>TGCCGCTAGAKG	11-TGCCGCTAGAKG	8.622752	-197.524634	0	T:272.0(1.61%),B:117.7(0.37%),P:1e-85	Tpos:25.4,Tstd:13.9,Bpos:35.1,Bstd:18.2,StrandBias:0.9,Multiplicity:1.00
0.102	0.179	0.226	0.492
0.262	0.050	0.475	0.212
0.202	0.466	0.110	0.222
0.001	0.997	0.001	0.001
0.202	0.017	0.698	0.083
0.001	0.722	0.244	0.033
0.033	0.066	0.001	0.900
0.997	0.001	0.001	0.001
0.001	0.001	0.997	0.001
0.828	0.001	0.136	0.035
0.001	0.001	0.480	0.518
0.001	0.001	0.982	0.016
>CGTCTGCTASCS	12-CGTCTGCTASCS	11.017561	-193.901523	0	T:103.0(0.61%),B:12.4(0.04%),P:1e-84	Tpos:27.6,Tstd:19.0,Bpos:37.9,Bstd:13.6,StrandBias:1.9,Multiplicity:1.00
0.001	0.997	0.001	0.001
0.001	0.001	0.997	0.001
0.001	0.108	0.369	0.522
0.001	0.997	0.001	0.001
0.393	0.001	0.001	0.605
0.055	0.001	0.943	0.001
0.001	0.879	0.001	0.119
0.287	0.001	0.006	0.706
0.839	0.159	0.001	0.001
0.219	0.463	0.317	0.001
0.319	0.679	0.001	0.001
0.229	0.379	0.391	0.001
>TTCCCTCKCCTT	13-TTCCCTCKCCTT	10.575607	-180.633275	0	T:197.0(1.16%),B:67.9(0.21%),P:1e-78	Tpos:30.5,Tstd:13.9,Bpos:33.8,Bstd:15.2,StrandBias:-1.3,Multiplicity:1.01
0.001	0.026	0.001	0.972
0.001	0.053	0.001	0.945
0.001	0.874	0.124	0.001
0.030	0.556	0.081	0.333
0.002	0.660	0.001	0.337
0.001	0.001	0.001	0.997
0.081	0.619	0.054	0.246
0.001	0.228	0.348	0.422
0.080	0.892	0.001	0.027
0.073	0.812	0.001	0.114
0.027	0.001	0.055	0.917
0.001	0.001	0.026	0.972
>GCMGCCATDTTG	14-GCMGCCATDTTG	9.156048	-171.178113	0	T:229.0(1.35%),B:96.6(0.30%),P:1e-74	Tpos:41.9,Tstd:18.6,Bpos:35.9,Bstd:16.5,StrandBias:-0.4,Multiplicity:1.00
0.070	0.049	0.583	0.298
0.163	0.768	0.027	0.042
0.412	0.263	0.228	0.097
0.013	0.001	0.973	0.013
0.028	0.957	0.014	0.001
0.013	0.985	0.001	0.001
0.931	0.041	0.014	0.014
0.014	0.014	0.041	0.931
0.327	0.032	0.281	0.360
0.041	0.001	0.041	0.917
0.014	0.014	0.055	0.917
0.014	0.014	0.624	0.348
>CGCTAGGTGGCG	15-CGCTAGGTGGCG	7.710727	-170.476983	0	T:332.0(1.96%),B:190.5(0.59%),P:1e-74	Tpos:23.8,Tstd:14.6,Bpos:35.3,Bstd:19.0,StrandBias:1.1,Multiplicity:1.00
0.054	0.788	0.075	0.083
0.120	0.056	0.730	0.094
0.088	0.692	0.140	0.080
0.085	0.209	0.085	0.621
0.685	0.075	0.110	0.130
0.044	0.039	0.860	0.057
0.141	0.062	0.677	0.120
0.065	0.081	0.091	0.763
0.054	0.039	0.853	0.054
0.070	0.066	0.774	0.090
0.057	0.796	0.036	0.111
0.097	0.054	0.763	0.086
>TGAGRGTKAGAA	16-TGAGRGTKAGAA	11.734778	-167.352899	0	T:47.0(0.28%),B:1.7(0.01%),P:1e-72	Tpos:10.7,Tstd:12.0,Bpos:51.7,Bstd:8.1,StrandBias:4.5,Multiplicity:1.00
0.001	0.001	0.001	0.997
0.001	0.309	0.573	0.117
0.908	0.090	0.001	0.001
0.001	0.247	0.751	0.001
0.410	0.001	0.559	0.030
0.152	0.001	0.587	0.260
0.121	0.001	0.152	0.726
0.001	0.030	0.540	0.429
0.790	0.001	0.001	0.208
0.001	0.071	0.927	0.001
0.876	0.001	0.062	0.061
0.969	0.001	0.029	0.001
>GATTCAAAACTC	17-GATTCAAAACTC	11.451267	-150.688799	0	T:51.0(0.30%),B:3.0(0.01%),P:1e-65	Tpos:19.5,Tstd:9.2,Bpos:31.0,Bstd:4.0,StrandBias:1.3,Multiplicity:1.00
0.001	0.006	0.992	0.001
0.992	0.001	0.006	0.001
0.001	0.001	0.001	0.997
0.001	0.001	0.001	0.997
0.001	0.992	0.001	0.006
0.992	0.001	0.006	0.001
0.997	0.001	0.001	0.001
0.992	0.001	0.001	0.006
0.997	0.001	0.001	0.001
0.006	0.992	0.001	0.001
0.006	0.001	0.006	0.987
0.001	0.997	0.001	0.001
>KCAGTCTTCRTT	18-KCAGTCTTCRTT	10.408662	-148.074318	0	T:75.0(0.44%),B:8.0(0.02%),P:1e-64	Tpos:50.9,Tstd:8.8,Bpos:21.2,Bstd:6.4,StrandBias:3.3,Multiplicity:1.00
0.114	0.140	0.319	0.428
0.050	0.734	0.001	0.215
0.923	0.001	0.075	0.001
0.001	0.138	0.746	0.115
0.049	0.001	0.001	0.949
0.001	0.631	0.001	0.367
0.001	0.001	0.024	0.974
0.001	0.229	0.001	0.769
0.001	0.761	0.237	0.001
0.419	0.001	0.377	0.204
0.255	0.077	0.241	0.427
0.001	0.157	0.001	0.841
>AAGCATCAGTTC	19-AAGCATCAGTTC	9.016028	-146.809154	0	T:50.0(0.30%),B:2.5(0.01%),P:1e-63	Tpos:50.4,Tstd:7.7,Bpos:46.8,Bstd:9.9,StrandBias:4.5,Multiplicity:1.00
0.599	0.196	0.076	0.129
0.583	0.104	0.186	0.127
0.199	0.164	0.425	0.212
0.130	0.500	0.081	0.290
0.617	0.123	0.122	0.138
0.100	0.043	0.132	0.725
0.007	0.983	0.004	0.006
0.674	0.059	0.007	0.260
0.173	0.236	0.499	0.092
0.115	0.099	0.042	0.744
0.076	0.150	0.107	0.667
0.221	0.487	0.057	0.234
>WGCGGCCATTTT	20-WGCGGCCATTTT	14.160723	-137.533372	0	T:53.0(0.31%),B:3.7(0.01%),P:1e-59	Tpos:41.2,Tstd:14.2,Bpos:32.9,Bstd:10.3,StrandBias:2.3,Multiplicity:1.00
0.452	0.001	0.205	0.342
0.001	0.021	0.715	0.263
0.001	0.997	0.001	0.001
0.007	0.001	0.991	0.001
0.007	0.001	0.991	0.001
0.001	0.991	0.007	0.001
0.001	0.997	0.001	0.001
0.997	0.001	0.001	0.001
0.001	0.001	0.001	0.997
0.001	0.007	0.001	0.991
0.001	0.001	0.007	0.991
0.001	0.007	0.001	0.991
>VATAGATGGCGT	21-VATAGATGGCGT	9.437535	-131.248096	0	T:183.0(1.08%),B:80.9(0.25%),P:1e-56	Tpos:28.8,Tstd:14.6,Bpos:32.7,Bstd:15.2,StrandBias:1.6,Multiplicity:1.00
0.338	0.304	0.231	0.128
0.766	0.106	0.013	0.115
0.145	0.254	0.115	0.486
0.910	0.006	0.001	0.083
0.151	0.001	0.842	0.006
0.914	0.001	0.062	0.023
0.006	0.001	0.045	0.948
0.006	0.001	0.981	0.012
0.135	0.001	0.761	0.103
0.106	0.735	0.019	0.140
0.205	0.019	0.547	0.229
0.152	0.088	0.100	0.660
>CAGTCAGCTGAT	22-CAGTCAGCTGAT	10.747493	-123.597787	0	T:49.0(0.29%),B:3.6(0.01%),P:1e-53	Tpos:37.4,Tstd:17.0,Bpos:38.3,Bstd:5.8,StrandBias:0.2,Multiplicity:1.00
0.025	0.638	0.155	0.182
0.544	0.075	0.043	0.338
0.170	0.298	0.454	0.078
0.234	0.146	0.025	0.595
0.006	0.987	0.006	0.001
0.920	0.006	0.018	0.056
0.001	0.012	0.981	0.006
0.103	0.801	0.012	0.084
0.068	0.043	0.006	0.883
0.001	0.161	0.837	0.001
0.618	0.099	0.087	0.196
0.161	0.149	0.121	0.569
>TCAGTCTCGAGT	23-TCAGTCTCGAGT	11.364986	-116.522162	0	T:42.0(0.25%),B:2.5(0.01%),P:1e-50	Tpos:45.3,Tstd:14.5,Bpos:50.1,Bstd:12.6,StrandBias:4.2,Multiplicity:1.00
0.042	0.091	0.001	0.866
0.001	0.997	0.001	0.001
0.878	0.120	0.001	0.001
0.001	0.001	0.997	0.001
0.001	0.001	0.001	0.997
0.081	0.626	0.206	0.087
0.001	0.001	0.001	0.997
0.001	0.997	0.001	0.001
0.047	0.227	0.478	0.249
0.683	0.272	0.001	0.044
0.045	0.089	0.534	0.332
0.162	0.254	0.001	0.583
>TACTGTTTAGTC	24-TACTGTTTAGTC	10.027979	-116.371377	0	T:51.0(0.30%),B:4.5(0.01%),P:1e-50	Tpos:32.1,Tstd:12.1,Bpos:46.1,Bstd:24.6,StrandBias:4.6,Multiplicity:1.00
0.122	0.120	0.121	0.637
0.637	0.098	0.125	0.140
0.113	0.632	0.105	0.150
0.129	0.080	0.065	0.726
0.096	0.131	0.639	0.134
0.093	0.088	0.083	0.736
0.088	0.110	0.106	0.696
0.082	0.129	0.115	0.674
0.632	0.122	0.100	0.146
0.101	0.123	0.651	0.125
0.111	0.104	0.078	0.707
0.113	0.631	0.105	0.151
>TGGCAVSAGACT	25-TGGCAVSAGACT	9.876455	-113.357315	0	T:46.0(0.27%),B:3.9(0.01%),P:1e-49	Tpos:45.5,Tstd:15.7,Bpos:45.7,Bstd:8.6,StrandBias:-1.3,Multiplicity:1.02
0.001	0.191	0.072	0.736
0.152	0.001	0.669	0.178
0.001	0.041	0.810	0.148
0.321	0.677	0.001	0.001
0.601	0.132	0.005	0.262
0.369	0.237	0.343	0.051
0.122	0.374	0.366	0.139
0.736	0.114	0.001	0.149
0.129	0.208	0.662	0.001
0.997	0.001	0.001	0.001
0.001	0.711	0.235	0.053
0.021	0.010	0.148	0.821
>GASTATTTCCRA	26-GASTATTTCCRA	10.778259	-109.986296	0	T:45.0(0.27%),B:3.3(0.01%),P:1e-47	Tpos:45.3,Tstd:20.4,Bpos:42.0,Bstd:8.4,StrandBias:1.1,Multiplicity:1.00
0.001	0.001	0.997	0.001
0.640	0.001	0.243	0.116
0.001	0.503	0.495	0.001
0.001	0.001	0.089	0.909
0.909	0.001	0.089	0.001
0.001	0.001	0.001	0.997
0.188	0.271	0.090	0.451
0.001	0.001	0.203	0.795
0.329	0.556	0.114	0.001
0.311	0.598	0.090	0.001
0.418	0.001	0.492	0.090
0.997	0.001	0.001	0.001
>GARGGGTGAGAA	27-GARGGGTGAGAA	12.300156	-106.640486	0	T:33.0(0.19%),B:1.7(0.01%),P:1e-46	Tpos:14.4,Tstd:15.2,Bpos:36.6,Bstd:13.1,StrandBias:5.0,Multiplicity:1.00
0.237	0.001	0.761	0.001
0.761	0.001	0.237	0.001
0.432	0.001	0.566	0.001
0.237	0.001	0.761	0.001
0.001	0.001	0.997	0.001
0.195	0.001	0.803	0.001
0.001	0.001	0.001	0.997
0.001	0.390	0.608	0.001
0.997	0.001	0.001	0.001
0.001	0.001	0.716	0.282
0.997	0.001	0.001	0.001
0.997	0.001	0.001	0.001
>GTCTTCAGGGAC	28-GTCTTCAGGGAC	8.942678	-105.539692	0	T:39.0(0.23%),B:2.6(0.01%),P:1e-45	Tpos:31.9,Tstd:14.2,Bpos:32.8,Bstd:9.9,StrandBias:10.0,Multiplicity:1.00
0.088	0.099	0.691	0.122
0.122	0.097	0.101	0.680
0.089	0.679	0.094	0.138
0.115	0.075	0.120	0.690
0.100	0.098	0.131	0.671
0.102	0.682	0.111	0.105
0.699	0.091	0.081	0.129
0.117	0.097	0.658	0.128
0.156	0.121	0.561	0.162
0.132	0.132	0.633	0.103
0.687	0.097	0.113	0.103
0.122	0.670	0.112	0.096
>TCCAVGSAGWCT	29-TCCAVGSAGWCT	8.874582	-105.539692	0	T:39.0(0.23%),B:2.4(0.01%),P:1e-45	Tpos:47.0,Tstd:10.4,Bpos:27.2,Bstd:1.3,StrandBias:1.8,Multiplicity:1.00
0.323	0.001	0.177	0.498
0.170	0.628	0.002	0.200
0.140	0.523	0.277	0.060
0.444	0.207	0.262	0.086
0.318	0.333	0.204	0.145
0.280	0.162	0.557	0.001
0.109	0.316	0.454	0.121
0.694	0.209	0.002	0.095
0.001	0.001	0.959	0.039
0.555	0.031	0.002	0.412
0.054	0.905	0.001	0.040
0.046	0.004	0.358	0.592
>CCAGGTAGCGCG	30-CCAGGTAGCGCG	10.066270	-102.503975	0	T:32.0(0.19%),B:1.6(0.01%),P:1e-44	Tpos:22.8,Tstd:8.2,Bpos:46.6,Bstd:7.0,StrandBias:5.0,Multiplicity:1.00
0.122	0.657	0.112	0.109
0.118	0.700	0.086	0.096
0.725	0.088	0.085	0.102
0.140	0.096	0.654	0.110
0.118	0.129	0.631	0.122
0.105	0.132	0.104	0.659
0.651	0.093	0.153	0.103
0.101	0.093	0.698	0.108
0.126	0.669	0.110	0.095
0.128	0.095	0.676	0.101
0.137	0.638	0.120	0.105
0.117	0.118	0.645	0.120
>CGACAGTCRGTY	31-CGACAGTCRGTY	10.631550	-102.503975	0	T:32.0(0.19%),B:1.8(0.01%),P:1e-44	Tpos:44.8,Tstd:12.1,Bpos:37.0,Bstd:0.0,StrandBias:0.8,Multiplicity:1.00
0.097	0.470	0.240	0.193
0.025	0.027	0.924	0.024
0.854	0.096	0.001	0.049
0.024	0.949	0.026	0.001
0.805	0.048	0.048	0.099
0.001	0.089	0.908	0.002
0.049	0.024	0.001	0.926
0.024	0.878	0.001	0.097
0.513	0.001	0.462	0.024
0.024	0.075	0.876	0.025
0.024	0.048	0.024	0.904
0.001	0.433	0.263	0.302
>GCCGATGGCACC	32-GCCGATGGCACC	10.737961	-101.928734	0	T:38.0(0.22%),B:2.8(0.01%),P:1e-44	Tpos:34.6,Tstd:18.0,Bpos:38.9,Bstd:14.1,StrandBias:0.1,Multiplicity:1.00
0.001	0.060	0.938	0.001
0.171	0.773	0.055	0.001
0.234	0.764	0.001	0.001
0.001	0.054	0.944	0.001
0.889	0.001	0.109	0.001
0.001	0.171	0.001	0.827
0.001	0.110	0.883	0.006
0.055	0.006	0.884	0.055
0.001	0.878	0.120	0.001
0.877	0.001	0.061	0.061
0.282	0.544	0.063	0.111
0.001	0.773	0.061	0.165
>GGAGGAAGGGAA	33-GGAGGAAGGGAA	12.432613	-100.007251	0	T:42.0(0.25%),B:3.9(0.01%),P:1e-43	Tpos:36.9,Tstd:16.6,Bpos:39.0,Bstd:14.3,StrandBias:0.8,Multiplicity:1.00
0.220	0.001	0.778	0.001
0.001	0.070	0.928	0.001
0.786	0.001	0.212	0.001
0.001	0.001	0.997	0.001
0.141	0.001	0.787	0.071
0.997	0.001	0.001	0.001
0.943	0.001	0.001	0.055
0.001	0.001	0.928	0.070
0.148	0.001	0.850	0.001
0.001	0.074	0.924	0.001
0.857	0.001	0.001	0.141
0.786	0.001	0.001	0.212
>GTATAAATTGAR	34-GTATAAATTGAR	13.012970	-98.398265	0	T:31.0(0.18%),B:1.5(0.00%),P:1e-42	Tpos:28.0,Tstd:11.4,Bpos:29.5,Bstd:10.9,StrandBias:3.5,Multiplicity:1.00
0.110	0.203	0.686	0.001
0.001	0.001	0.001	0.997
0.997	0.001	0.001	0.001
0.001	0.001	0.001	0.997
0.997	0.001	0.001	0.001
0.997	0.001	0.001	0.001
0.997	0.001	0.001	0.001
0.301	0.001	0.001	0.697
0.001	0.001	0.001	0.997
0.001	0.335	0.663	0.001
0.906	0.001	0.001	0.092
0.459	0.110	0.321	0.110
>CGTTMAAGGDTT	35-CGTTMAAGGDTT	10.545803	-98.398265	0	T:31.0(0.18%),B:1.8(0.01%),P:1e-42	Tpos:26.9,Tstd:13.3,Bpos:36.5,Bstd:14.3,StrandBias:-2.7,Multiplicity:1.00
0.067	0.790	0.001	0.142
0.122	0.106	0.712	0.060
0.058	0.109	0.050	0.783
0.017	0.076	0.067	0.840
0.368	0.480	0.135	0.017
0.844	0.063	0.092	0.001
0.892	0.041	0.001	0.066
0.109	0.125	0.660	0.106
0.235	0.106	0.558	0.101
0.227	0.134	0.333	0.306
0.050	0.051	0.042	0.857
0.033	0.001	0.075	0.891
>GTTCCAAGACGC	36-GTTCCAAGACGC	11.566500	-98.343773	0	T:37.0(0.22%),B:3.0(0.01%),P:1e-42	Tpos:56.3,Tstd:12.3,Bpos:43.2,Bstd:10.4,StrandBias:5.2,Multiplicity:1.00
0.132	0.123	0.744	0.001
0.348	0.001	0.001	0.650
0.001	0.001	0.001	0.997
0.001	0.997	0.001	0.001
0.001	0.997	0.001	0.001
0.642	0.044	0.001	0.313
0.828	0.001	0.001	0.170
0.001	0.122	0.876	0.001
0.753	0.001	0.123	0.123
0.001	0.955	0.001	0.043
0.123	0.001	0.753	0.123
0.009	0.971	0.001	0.019
>GTTAGCTGTTTA	37-GTTAGCTGTTTA	9.239774	-94.445066	0	T:160.0(0.94%),B:83.5(0.26%),P:1e-41	Tpos:34.0,Tstd:17.0,Bpos:33.0,Bstd:19.7,StrandBias:0.8,Multiplicity:1.02
0.187	0.027	0.635	0.151
0.119	0.025	0.025	0.831
0.049	0.224	0.001	0.726
0.510	0.001	0.176	0.313
0.226	0.001	0.772	0.001
0.179	0.771	0.001	0.049
0.024	0.001	0.001	0.974
0.001	0.001	0.846	0.152
0.001	0.177	0.001	0.821
0.001	0.101	0.200	0.698
0.001	0.024	0.049	0.926
0.801	0.174	0.001	0.024
>GTTCCCMCTTCC	38-GTTCCCMCTTCC	10.085334	-90.283207	0	T:29.0(0.17%),B:1.5(0.00%),P:1e-39	Tpos:42.4,Tstd:15.1,Bpos:55.0,Bstd:0.0,StrandBias:3.1,Multiplicity:1.00
0.001	0.026	0.972	0.001
0.001	0.001	0.001	0.997
0.001	0.001	0.026	0.972
0.001	0.997	0.001	0.001
0.001	0.997	0.001	0.001
0.124	0.848	0.001	0.027
0.507	0.491	0.001	0.001
0.001	0.945	0.027	0.027
0.001	0.001	0.001	0.997
0.001	0.001	0.001	0.997
0.001	0.997	0.001	0.001
0.001	0.875	0.001	0.123
>TTAGTCHCTAAA	39-TTAGTCHCTAAA	10.063846	-90.283207	0	T:29.0(0.17%),B:1.1(0.00%),P:1e-39	Tpos:45.8,Tstd:16.1,Bpos:31.4,Bstd:9.2,StrandBias:1.1,Multiplicity:1.00
0.026	0.154	0.062	0.758
0.031	0.296	0.066	0.607
0.870	0.039	0.001	0.090
0.001	0.159	0.688	0.152
0.022	0.031	0.026	0.921
0.187	0.634	0.065	0.114
0.385	0.269	0.106	0.240
0.191	0.628	0.108	0.073
0.057	0.232	0.158	0.553
0.675	0.123	0.123	0.079
0.990	0.008	0.001	0.001
0.765	0.044	0.051	0.140
>TGACAGTGCAAC	40-TGACAGTGCAAC	8.148892	-87.751965	0	T:34.0(0.20%),B:2.8(0.01%),P:1e-38	Tpos:38.8,Tstd:16.5,Bpos:26.3,Bstd:13.1,StrandBias:0.4,Multiplicity:1.00
0.090	0.112	0.244	0.554
0.131	0.118	0.663	0.088
0.613	0.164	0.014	0.209
0.227	0.444	0.100	0.229
0.576	0.085	0.136	0.203
0.091	0.199	0.606	0.104
0.190	0.066	0.159	0.585
0.108	0.166	0.463	0.263
0.203	0.518	0.168	0.111
0.552	0.178	0.196	0.074
0.732	0.065	0.184	0.019
0.150	0.565	0.126	0.159
>GTGTCGCCCTTG	41-GTGTCGCCCTTG	11.260332	-87.034468	0	T:38.0(0.22%),B:3.8(0.01%),P:1e-37	Tpos:41.0,Tstd:12.2,Bpos:34.9,Bstd:11.2,StrandBias:4.0,Multiplicity:1.10
0.237	0.210	0.458	0.095
0.001	0.001	0.001	0.997
0.001	0.001	0.995	0.003
0.001	0.001	0.001	0.997
0.046	0.862	0.046	0.046
0.001	0.001	0.953	0.045
0.004	0.859	0.046	0.091
0.045	0.790	0.001	0.164
0.168	0.504	0.023	0.305
0.323	0.001	0.001	0.675
0.001	0.001	0.049	0.949
0.001	0.001	0.997	0.001
>AGAATCGTGGTG	42-AGAATCGTGGTG	11.361413	-86.276005	0	T:28.0(0.17%),B:2.0(0.01%),P:1e-37	Tpos:46.8,Tstd:15.0,Bpos:36.5,Bstd:12.1,StrandBias:-2.1,Multiplicity:1.00
0.933	0.065	0.001	0.001
0.201	0.001	0.600	0.198
0.997	0.001	0.001	0.001
0.867	0.131	0.001	0.001
0.006	0.066	0.057	0.871
0.066	0.732	0.067	0.135
0.001	0.001	0.867	0.131
0.001	0.001	0.001	0.997
0.001	0.198	0.598	0.203
0.001	0.134	0.729	0.136
0.001	0.001	0.065	0.933
0.001	0.065	0.933	0.001
>GCSTCAGTCTCT	43-GCSTCAGTCTCT	11.436021	-86.276005	0	T:28.0(0.17%),B:1.9(0.01%),P:1e-37	Tpos:36.1,Tstd:12.5,Bpos:35.2,Bstd:11.0,StrandBias:2.4,Multiplicity:1.00
0.001	0.001	0.997	0.001
0.001	0.510	0.140	0.349
0.140	0.375	0.484	0.001
0.001	0.001	0.001	0.997
0.001	0.997	0.001	0.001
0.578	0.140	0.281	0.001
0.001	0.001	0.634	0.364
0.001	0.001	0.362	0.636
0.317	0.681	0.001	0.001
0.001	0.001	0.001	0.997
0.001	0.634	0.364	0.001
0.001	0.001	0.001	0.997
>GTTGTGACTTWG	44-GTTGTGACTTWG	9.662441	-84.917819	0	T:84.0(0.50%),B:27.0(0.08%),P:1e-36	Tpos:37.0,Tstd:20.3,Bpos:39.2,Bstd:16.4,StrandBias:1.2,Multiplicity:1.00
0.021	0.018	0.832	0.129
0.001	0.031	0.001	0.967
0.035	0.072	0.021	0.872
0.025	0.047	0.700	0.228
0.047	0.036	0.088	0.829
0.056	0.081	0.676	0.187
0.826	0.036	0.074	0.064
0.113	0.612	0.061	0.214
0.265	0.025	0.074	0.636
0.011	0.079	0.171	0.739
0.382	0.193	0.164	0.260
0.078	0.032	0.644	0.246
>GCATGGCCTACT	45-GCATGGCCTACT	10.338171	-84.451108	0	T:64.0(0.38%),B:14.5(0.05%),P:1e-36	Tpos:33.0,Tstd:14.7,Bpos:35.6,Bstd:15.4,StrandBias:-2.4,Multiplicity:1.00
0.044	0.274	0.526	0.156
0.131	0.810	0.044	0.015
0.941	0.029	0.015	0.015
0.059	0.015	0.015	0.911
0.175	0.015	0.795	0.015
0.029	0.059	0.911	0.001
0.317	0.636	0.032	0.015
0.014	0.869	0.001	0.116
0.044	0.059	0.044	0.853
0.898	0.044	0.029	0.029
0.029	0.941	0.015	0.015
0.015	0.015	0.044	0.926
>GTCAATGCCAGS	46-GTCAATGCCAGS	10.996455	-84.278285	0	T:33.0(0.19%),B:2.8(0.01%),P:1e-36	Tpos:42.2,Tstd:19.9,Bpos:31.1,Bstd:14.0,StrandBias:1.5,Multiplicity:1.15
0.101	0.001	0.897	0.001
0.001	0.001	0.001	0.997
0.001	0.897	0.001	0.101
0.746	0.152	0.001	0.101
0.948	0.050	0.001	0.001
0.050	0.050	0.001	0.899
0.001	0.050	0.766	0.183
0.234	0.753	0.001	0.012
0.001	0.936	0.001	0.062
0.948	0.001	0.050	0.001
0.001	0.202	0.796	0.001
0.152	0.284	0.431	0.133
>TCWAGTGTCAGA	47-TCWAGTGTCAGA	9.989471	-84.278285	0	T:33.0(0.19%),B:2.8(0.01%),P:1e-36	Tpos:35.6,Tstd:17.6,Bpos:55.3,Bstd:4.6,StrandBias:0.5,Multiplicity:1.00
0.041	0.074	0.076	0.809
0.084	0.648	0.126	0.142
0.327	0.103	0.097	0.473
0.741	0.101	0.055	0.103
0.044	0.188	0.550	0.218
0.001	0.183	0.015	0.801
0.031	0.088	0.765	0.116
0.172	0.037	0.141	0.650
0.001	0.768	0.158	0.073
0.860	0.025	0.053	0.062
0.162	0.047	0.672	0.119
0.594	0.215	0.023	0.168
>TTGTATACATGT	48-TTGTATACATGT	11.410973	-82.478051	0	T:40.0(0.24%),B:5.0(0.02%),P:1e-35	Tpos:33.3,Tstd:17.3,Bpos:45.6,Bstd:10.1,StrandBias:0.2,Multiplicity:1.00
0.275	0.001	0.001	0.723
0.001	0.001	0.061	0.937
0.001	0.183	0.631	0.185
0.001	0.001	0.001	0.997
0.496	0.001	0.247	0.256
0.001	0.001	0.001	0.997
0.575	0.001	0.001	0.423
0.001	0.876	0.001	0.122
0.476	0.247	0.001	0.276
0.001	0.001	0.001	0.997
0.001	0.001	0.674	0.324
0.031	0.217	0.203	0.549
>AGTGTGGACTGT	49-AGTGTGGACTGT	10.987385	-82.478051	0	T:40.0(0.24%),B:4.7(0.01%),P:1e-35	Tpos:41.1,Tstd:18.1,Bpos:45.7,Bstd:19.8,StrandBias:0.1,Multiplicity:1.00
0.760	0.001	0.119	0.120
0.001	0.040	0.917	0.042
0.085	0.040	0.040	0.835
0.040	0.119	0.801	0.040
0.002	0.001	0.001	0.996
0.090	0.287	0.580	0.043
0.252	0.249	0.491	0.007
0.997	0.001	0.001	0.001
0.001	0.956	0.001	0.042
0.079	0.001	0.079	0.841
0.001	0.079	0.919	0.001
0.001	0.001	0.039	0.959
>TGAGAGACTCGT	50-TGAGAGACTCGT	10.449087	-80.834460	0	T:32.0(0.19%),B:2.9(0.01%),P:1e-35	Tpos:46.1,Tstd:16.4,Bpos:58.6,Bstd:2.6,StrandBias:0.3,Multiplicity:1.00
0.158	0.297	0.074	0.471
0.001	0.001	0.997	0.001
0.997	0.001	0.001	0.001
0.001	0.001	0.997	0.001
0.735	0.169	0.001	0.095
0.001	0.001	0.997	0.001
0.997	0.001	0.001	0.001
0.001	0.997	0.001	0.001
0.001	0.001	0.001	0.997
0.001	0.681	0.169	0.149
0.001	0.001	0.997	0.001
0.001	0.001	0.001	0.997
>ACADTCCACAKT	51-ACADTCCACAKT	12.031254	-79.534266	0	T:39.0(0.23%),B:4.2(0.01%),P:1e-34	Tpos:39.9,Tstd:15.9,Bpos:35.0,Bstd:15.7,StrandBias:1.6,Multiplicity:1.03
0.997	0.001	0.001	0.001
0.001	0.997	0.001	0.001
0.997	0.001	0.001	0.001
0.295	0.145	0.323	0.237
0.001	0.001	0.013	0.985
0.001	0.635	0.001	0.363
0.191	0.527	0.281	0.001
0.703	0.001	0.295	0.001
0.001	0.997	0.001	0.001
0.997	0.001	0.001	0.001
0.001	0.001	0.512	0.486
0.001	0.001	0.001	0.997
>ACTATGACCTGG	52-ACTATGACCTGG	11.081714	-78.368191	0	T:26.0(0.15%),B:1.1(0.00%),P:1e-34	Tpos:38.6,Tstd:22.6,Bpos:50.0,Bstd:0.0,StrandBias:2.5,Multiplicity:1.00
0.904	0.001	0.001	0.094
0.001	0.904	0.001	0.094
0.001	0.046	0.001	0.952
0.759	0.049	0.096	0.096
0.001	0.047	0.094	0.858
0.001	0.047	0.858	0.094
0.859	0.047	0.047	0.047
0.096	0.667	0.236	0.001
0.142	0.764	0.047	0.047
0.142	0.094	0.001	0.763
0.001	0.046	0.952	0.001
0.001	0.047	0.810	0.142
>GAGAAGGACTAA	53-GAGAAGGACTAA	11.314813	-78.368191	0	T:26.0(0.15%),B:1.4(0.00%),P:1e-34	Tpos:48.3,Tstd:9.7,Bpos:24.9,Bstd:9.7,StrandBias:0.7,Multiplicity:1.00
0.099	0.099	0.801	0.001
0.997	0.001	0.001	0.001
0.098	0.001	0.900	0.001
0.900	0.098	0.001	0.001
0.878	0.120	0.001	0.001
0.120	0.022	0.836	0.022
0.001	0.001	0.997	0.001
0.900	0.001	0.001	0.098
0.098	0.900	0.001	0.001
0.098	0.001	0.001	0.900
0.997	0.001	0.001	0.001
0.855	0.045	0.099	0.001
>AGTAACTGTCTA	54-AGTAACTGTCTA	11.344202	-78.368191	0	T:26.0(0.15%),B:1.5(0.00%),P:1e-34	Tpos:29.8,Tstd:16.6,Bpos:12.4,Bstd:1.3,StrandBias:0.2,Multiplicity:1.00
0.777	0.059	0.045	0.119
0.045	0.060	0.865	0.030
0.241	0.074	0.059	0.626
0.836	0.045	0.045	0.074
0.910	0.015	0.030	0.045
0.015	0.881	0.059	0.045
0.074	0.030	0.045	0.851
0.015	0.030	0.759	0.196
0.105	0.015	0.015	0.865
0.030	0.853	0.059	0.058
0.030	0.015	0.074	0.881
0.910	0.015	0.030	0.045
>TGACAGTTCGAG	55-TGACAGTTCGAG	8.413993	-74.040090	0	T:30.0(0.18%),B:2.9(0.01%),P:1e-32	Tpos:37.0,Tstd:19.6,Bpos:40.0,Bstd:9.8,StrandBias:-0.3,Multiplicity:1.00
0.001	0.001	0.001	0.997
0.001	0.001	0.997	0.001
0.997	0.001	0.001	0.001
0.001	0.997	0.001	0.001
0.997	0.001	0.001	0.001
0.001	0.001	0.721	0.277
0.001	0.001	0.001	0.997
0.001	0.001	0.001	0.997
0.001	0.997	0.001	0.001
0.001	0.001	0.997	0.001
0.997	0.001	0.001	0.001
0.001	0.001	0.997	0.001
>TTTAGTCATAAG	56-TTTAGTCATAAG	10.368018	-68.018876	0	T:35.0(0.21%),B:4.9(0.02%),P:1e-29	Tpos:33.9,Tstd:20.4,Bpos:39.6,Bstd:10.1,StrandBias:1.3,Multiplicity:1.00
0.045	0.045	0.023	0.887
0.023	0.023	0.045	0.909
0.001	0.022	0.007	0.970
0.887	0.022	0.001	0.090
0.091	0.091	0.750	0.068
0.022	0.001	0.045	0.932
0.091	0.841	0.045	0.023
0.795	0.068	0.068	0.069
0.070	0.091	0.068	0.771
0.738	0.068	0.001	0.193
0.728	0.045	0.113	0.114
0.068	0.023	0.818	0.091
>AGCGATCAGCTG	57-AGCGATCAGCTG	10.303705	-68.018876	0	T:35.0(0.21%),B:4.4(0.01%),P:1e-29	Tpos:42.6,Tstd:13.3,Bpos:45.8,Bstd:10.3,StrandBias:0.2,Multiplicity:1.00
0.823	0.096	0.049	0.032
0.112	0.033	0.790	0.065
0.065	0.728	0.064	0.143
0.143	0.065	0.756	0.036
0.904	0.032	0.032	0.032
0.081	0.032	0.105	0.782
0.121	0.783	0.064	0.032
0.871	0.033	0.064	0.032
0.064	0.032	0.888	0.016
0.032	0.872	0.032	0.064
0.032	0.032	0.001	0.935
0.064	0.016	0.887	0.033
>GTCAACTCGGTC	58-GTCAACTCGGTC	12.360132	-67.376888	0	T:28.0(0.17%),B:2.1(0.01%),P:1e-29	Tpos:26.8,Tstd:17.6,Bpos:11.0,Bstd:0.0,StrandBias:2.2,Multiplicity:1.00
0.020	0.020	0.959	0.001
0.001	0.137	0.001	0.861
0.001	0.997	0.001	0.001
0.979	0.001	0.019	0.001
0.979	0.001	0.019	0.001
0.001	0.997	0.001	0.001
0.001	0.001	0.001	0.997
0.001	0.997	0.001	0.001
0.001	0.020	0.959	0.020
0.019	0.001	0.979	0.001
0.001	0.001	0.001	0.997
0.001	0.979	0.019	0.001
>CCGTCCTCTAGA	59-CCGTCCTCTAGA	9.407511	-66.793516	0	T:23.0(0.14%),B:1.0(0.00%),P:1e-29	Tpos:30.0,Tstd:16.9,Bpos:37.0,Bstd:0.0,StrandBias:1.5,Multiplicity:1.00
0.001	0.962	0.001	0.036
0.001	0.997	0.001	0.001
0.001	0.036	0.962	0.001
0.001	0.036	0.001	0.962
0.001	0.962	0.001	0.036
0.036	0.962	0.001	0.001
0.001	0.001	0.001	0.997
0.036	0.962	0.001	0.001
0.001	0.001	0.001	0.997
0.927	0.001	0.036	0.036
0.001	0.001	0.997	0.001
0.668	0.001	0.001	0.330
>ATTAAAATATTA	60-ATTAAAATATTA	10.102033	-65.362434	0	T:31.0(0.18%),B:3.5(0.01%),P:1e-28	Tpos:26.6,Tstd:16.0,Bpos:40.6,Bstd:11.7,StrandBias:2.8,Multiplicity:1.00
0.600	0.093	0.114	0.193
0.103	0.133	0.144	0.620
0.063	0.135	0.143	0.659
0.632	0.147	0.188	0.033
0.668	0.088	0.153	0.091
0.878	0.083	0.001	0.038
0.685	0.039	0.114	0.162
0.198	0.043	0.147	0.612
0.698	0.033	0.119	0.150
0.141	0.136	0.127	0.596
0.129	0.133	0.122	0.616
0.752	0.001	0.001	0.246
>ACGCCATTGATG	61-ACGCCATTGATG	11.817118	-64.097286	0	T:27.0(0.16%),B:2.9(0.01%),P:1e-27	Tpos:43.3,Tstd:10.1,Bpos:41.2,Bstd:19.0,StrandBias:-0.4,Multiplicity:1.00
0.756	0.085	0.001	0.158
0.001	0.923	0.001	0.075
0.075	0.001	0.923	0.001
0.228	0.695	0.076	0.001
0.001	0.936	0.001	0.062
0.920	0.002	0.076	0.002
0.001	0.228	0.002	0.769
0.075	0.001	0.001	0.923
0.075	0.001	0.923	0.001
0.682	0.087	0.001	0.230
0.002	0.001	0.076	0.921
0.078	0.001	0.769	0.152
>CSCTRTAGCGYC	62-CSCTRTAGCGYC	10.463515	-64.097286	0	T:27.0(0.16%),B:2.3(0.01%),P:1e-27	Tpos:33.3,Tstd:17.8,Bpos:53.1,Bstd:8.8,StrandBias:-0.1,Multiplicity:1.00
0.075	0.865	0.030	0.030
0.060	0.437	0.487	0.016
0.016	0.607	0.361	0.016
0.197	0.001	0.265	0.537
0.328	0.016	0.431	0.225
0.029	0.016	0.001	0.954
0.796	0.128	0.075	0.001
0.045	0.016	0.938	0.001
0.015	0.631	0.015	0.339
0.015	0.406	0.564	0.015
0.074	0.482	0.016	0.428
0.001	0.886	0.015	0.098
>CCAACGCAGTTC	63-CCAACGCAGTTC	10.482831	-62.427059	0	T:33.0(0.19%),B:4.4(0.01%),P:1e-27	Tpos:41.2,Tstd:13.9,Bpos:43.9,Bstd:14.2,StrandBias:1.4,Multiplicity:1.00
0.094	0.904	0.001	0.001
0.047	0.764	0.142	0.047
0.952	0.001	0.046	0.001
0.952	0.001	0.046	0.001
0.287	0.667	0.001	0.045
0.146	0.047	0.712	0.095
0.001	0.762	0.236	0.001
0.858	0.094	0.001	0.047
0.047	0.145	0.807	0.001
0.094	0.001	0.001	0.904
0.094	0.047	0.001	0.858
0.047	0.905	0.001	0.047
>TGCCGATCCCTT	64-TGCCGATCCCTT	11.072463	-62.386040	0	T:30.0(0.18%),B:3.4(0.01%),P:1e-27	Tpos:33.5,Tstd:16.3,Bpos:33.9,Bstd:7.6,StrandBias:0.6,Multiplicity:1.00
0.001	0.001	0.001	0.997
0.183	0.094	0.716	0.007
0.101	0.775	0.034	0.090
0.090	0.816	0.093	0.001
0.180	0.198	0.514	0.108
0.909	0.001	0.001	0.089
0.001	0.001	0.003	0.995
0.279	0.719	0.001	0.001
0.094	0.805	0.097	0.004
0.001	0.806	0.192	0.001
0.001	0.102	0.001	0.896
0.001	0.001	0.001	0.997
>GGATATGGGGGA	65-GGATATGGGGGA	11.096981	-57.648419	0	T:25.0(0.15%),B:2.4(0.01%),P:1e-25	Tpos:35.3,Tstd:18.0,Bpos:25.2,Bstd:4.6,StrandBias:1.5,Multiplicity:1.08
0.149	0.035	0.815	0.001
0.033	0.098	0.804	0.065
0.804	0.065	0.098	0.033
0.065	0.001	0.065	0.869
0.832	0.001	0.067	0.100
0.001	0.001	0.162	0.836
0.064	0.001	0.934	0.001
0.033	0.163	0.706	0.098
0.001	0.152	0.674	0.173
0.032	0.001	0.935	0.032
0.067	0.032	0.900	0.001
0.932	0.001	0.032	0.035
>CTCTCTGCCTAC	66-CTCTCTGCCTAC	11.095814	-56.532555	0	T:28.0(0.17%),B:3.2(0.01%),P:1e-24	Tpos:40.6,Tstd:14.5,Bpos:34.7,Bstd:11.5,StrandBias:0.0,Multiplicity:1.00
0.016	0.887	0.081	0.016
0.033	0.016	0.168	0.783
0.016	0.982	0.001	0.001
0.032	0.111	0.074	0.783
0.016	0.888	0.032	0.064
0.016	0.016	0.032	0.936
0.032	0.016	0.904	0.048
0.052	0.820	0.064	0.064
0.016	0.888	0.032	0.064
0.090	0.064	0.250	0.596
0.663	0.176	0.064	0.097
0.032	0.904	0.032	0.032
>GTTGTGAAGTTG	67-GTTGTGAAGTTG	9.123886	-55.602620	0	T:20.0(0.12%),B:1.9(0.01%),P:1e-24	Tpos:31.7,Tstd:19.0,Bpos:45.5,Bstd:7.3,StrandBias:0.7,Multiplicity:1.00
0.128	0.102	0.646	0.124
0.101	0.089	0.101	0.709
0.099	0.089	0.122	0.690
0.090	0.104	0.628	0.178
0.120	0.090	0.110	0.680
0.115	0.140	0.637	0.108
0.654	0.109	0.116	0.121
0.670	0.111	0.087	0.132
0.156	0.090	0.614	0.140
0.117	0.101	0.098	0.684
0.092	0.090	0.105	0.713
0.101	0.096	0.673	0.130
>ATATCCCGAGAT	68-ATATCCCGAGAT	10.615603	-55.602620	0	T:20.0(0.12%),B:1.4(0.00%),P:1e-24	Tpos:47.4,Tstd:20.2,Bpos:48.8,Bstd:5.9,StrandBias:3.2,Multiplicity:1.00
0.741	0.037	0.111	0.111
0.111	0.039	0.075	0.775
0.887	0.037	0.074	0.002
0.111	0.008	0.037	0.844
0.001	0.925	0.073	0.001
0.111	0.741	0.074	0.074
0.074	0.852	0.037	0.037
0.037	0.037	0.924	0.002
0.962	0.001	0.001	0.036
0.037	0.037	0.852	0.074
0.962	0.036	0.001	0.001
0.111	0.186	0.111	0.592
>CACATCAAGCGT	69-CACATCAAGCGT	11.038730	-55.602620	0	T:20.0(0.12%),B:1.1(0.00%),P:1e-24	Tpos:31.9,Tstd:12.0,Bpos:23.0,Bstd:0.0,StrandBias:0.9,Multiplicity:1.00
0.104	0.756	0.139	0.001
0.964	0.001	0.034	0.001
0.160	0.700	0.070	0.070
0.860	0.070	0.069	0.001
0.070	0.035	0.035	0.860
0.069	0.861	0.001	0.069
0.756	0.139	0.070	0.035
0.964	0.034	0.001	0.001
0.125	0.035	0.736	0.104
0.069	0.826	0.001	0.104
0.001	0.001	0.929	0.069
0.035	0.071	0.035	0.859
>GTAAACACTAAA	70-GTAAACACTAAA	11.735896	-55.574283	0	T:33.0(0.19%),B:5.6(0.02%),P:1e-24	Tpos:33.4,Tstd:17.7,Bpos:38.0,Bstd:15.3,StrandBias:-1.0,Multiplicity:1.00
0.093	0.001	0.905	0.001
0.184	0.090	0.001	0.725
0.453	0.273	0.273	0.001
0.905	0.093	0.001	0.001
0.997	0.001	0.001	0.001
0.107	0.845	0.001	0.047
0.905	0.093	0.001	0.001
0.001	0.726	0.183	0.090
0.179	0.001	0.001	0.819
0.997	0.001	0.001	0.001
0.905	0.001	0.093	0.001
0.905	0.001	0.093	0.001
>CTGCASNSTGCA	71-CTGCASNSTGCA	13.794209	-54.481981	0	T:24.0(0.14%),B:2.5(0.01%),P:1e-23	Tpos:32.2,Tstd:15.1,Bpos:46.6,Bstd:6.0,StrandBias:0.3,Multiplicity:1.00
0.001	0.997	0.001	0.001
0.001	0.001	0.001	0.997
0.001	0.001	0.997	0.001
0.001	0.997	0.001	0.001
0.997	0.001	0.001	0.001
0.001	0.504	0.463	0.032
0.179	0.252	0.316	0.252
0.001	0.472	0.526	0.001
0.001	0.001	0.001	0.997
0.001	0.001	0.997	0.001
0.001	0.997	0.001	0.001
0.997	0.001	0.001	0.001
>ATCTATCTGTCA	72-ATCTATCTGTCA	11.437913	-54.481981	0	T:24.0(0.14%),B:2.7(0.01%),P:1e-23	Tpos:37.9,Tstd:18.0,Bpos:51.0,Bstd:4.7,StrandBias:0.7,Multiplicity:1.00
0.900	0.098	0.001	0.001
0.121	0.126	0.027	0.726
0.001	0.900	0.001	0.098
0.001	0.098	0.001	0.900
0.900	0.001	0.098	0.001
0.001	0.098	0.001	0.900
0.001	0.997	0.001	0.001
0.001	0.001	0.001	0.997
0.099	0.001	0.703	0.197
0.001	0.027	0.107	0.865
0.001	0.997	0.001	0.001
0.997	0.001	0.001	0.001
>CTTTTCCCGACC	73-CTTTTCCCGACC	12.495261	-54.481981	0	T:24.0(0.14%),B:2.7(0.01%),P:1e-23	Tpos:41.5,Tstd:21.2,Bpos:31.2,Bstd:9.5,StrandBias:1.9,Multiplicity:1.00
0.224	0.716	0.001	0.059
0.001	0.001	0.001	0.997
0.001	0.001	0.001	0.997
0.001	0.001	0.001	0.997
0.001	0.165	0.222	0.612
0.001	0.997	0.001	0.001
0.001	0.997	0.001	0.001
0.001	0.997	0.001	0.001
0.001	0.326	0.672	0.001
0.672	0.001	0.001	0.326
0.001	0.997	0.001	0.001
0.001	0.997	0.001	0.001
>AACATACTGTCA	74-AACATACTGTCA	11.353580	-54.265198	0	T:30.0(0.18%),B:4.3(0.01%),P:1e-23	Tpos:51.5,Tstd:11.4,Bpos:56.0,Bstd:11.6,StrandBias:-0.8,Multiplicity:1.00
0.852	0.016	0.064	0.068
0.879	0.073	0.016	0.032
0.032	0.872	0.016	0.080
0.824	0.111	0.064	0.001
0.256	0.080	0.084	0.580
0.856	0.032	0.048	0.064
0.016	0.856	0.032	0.096
0.073	0.001	0.016	0.910
0.047	0.079	0.873	0.001
0.199	0.064	0.080	0.657
0.016	0.920	0.032	0.032
0.935	0.032	0.001	0.032
>CGGAMCATWAGT	75-CGGAMCATWAGT	13.701454	-51.966844	0	T:19.0(0.11%),B:1.0(0.00%),P:1e-22	Tpos:30.8,Tstd:14.7,Bpos:38.0,Bstd:0.0,StrandBias:4.6,Multiplicity:1.37
0.001	0.864	0.001	0.134
0.001	0.001	0.997	0.001
0.001	0.001	0.997	0.001
0.656	0.001	0.342	0.001
0.527	0.471	0.001	0.001
0.249	0.749	0.001	0.001
0.997	0.001	0.001	0.001
0.001	0.001	0.001	0.997
0.477	0.001	0.001	0.521
0.997	0.001	0.001	0.001
0.001	0.001	0.997	0.001
0.001	0.001	0.001	0.997
>NNGGAGCCCANS	76-NNGGAGCCCANS	7.754546	-51.966844	0	T:19.0(0.11%),B:1.0(0.00%),P:1e-22	Tpos:32.4,Tstd:6.9,Bpos:10.0,Bstd:0.0,StrandBias:3.0,Multiplicity:1.00
0.321	0.209	0.246	0.224
0.229	0.286	0.224	0.261
0.101	0.098	0.704	0.097
0.119	0.129	0.610	0.142
0.618	0.103	0.102	0.177
0.156	0.140	0.566	0.138
0.123	0.623	0.120	0.134
0.125	0.565	0.164	0.146
0.036	0.777	0.071	0.116
0.532	0.114	0.198	0.156
0.223	0.276	0.234	0.267
0.190	0.378	0.229	0.203
>CTCCGGACTCCG	77-CTCCGGACTCCG	10.969302	-51.966844	0	T:19.0(0.11%),B:2.0(0.01%),P:1e-22	Tpos:36.4,Tstd:16.9,Bpos:46.0,Bstd:1.5,StrandBias:0.7,Multiplicity:1.00
0.001	0.944	0.001	0.054
0.110	0.001	0.110	0.779
0.001	0.944	0.054	0.001
0.001	0.874	0.015	0.110
0.055	0.071	0.819	0.055
0.001	0.001	0.997	0.001
0.705	0.293	0.001	0.001
0.055	0.656	0.123	0.166
0.001	0.001	0.291	0.707
0.069	0.929	0.001	0.001
0.055	0.725	0.110	0.110
0.109	0.001	0.889	0.001
>TCTCCYGAAGGC	78-TCTCCYGAAGGC	11.861719	-51.966844	0	T:19.0(0.11%),B:0.8(0.00%),P:1e-22	Tpos:35.5,Tstd:15.0,Bpos:39.0,Bstd:0.0,StrandBias:1.9,Multiplicity:1.00
0.001	0.001	0.001	0.997
0.001	0.835	0.001	0.163
0.208	0.256	0.001	0.535
0.001	0.835	0.001	0.163
0.001	0.997	0.001	0.001
0.001	0.485	0.001	0.513
0.001	0.001	0.835	0.163
0.997	0.001	0.001	0.001
0.600	0.163	0.193	0.044
0.001	0.001	0.997	0.001
0.095	0.163	0.741	0.001
0.001	0.993	0.001	0.005
>CAGTCTTGGTCC	79-CAGTCTTGGTCC	10.824319	-51.356281	0	T:23.0(0.14%),B:2.6(0.01%),P:1e-22	Tpos:47.1,Tstd:17.4,Bpos:51.0,Bstd:9.0,StrandBias:1.4,Multiplicity:1.00
0.051	0.873	0.025	0.051
0.924	0.050	0.025	0.001
0.002	0.075	0.847	0.076
0.025	0.001	0.050	0.924
0.001	0.873	0.076	0.050
0.002	0.100	0.025	0.873
0.025	0.100	0.025	0.850
0.050	0.126	0.723	0.101
0.025	0.125	0.750	0.100
0.001	0.101	0.076	0.822
0.050	0.824	0.100	0.026
0.174	0.749	0.026	0.051
>CCCCGCTCCTTC	80-CCCCGCTCCTTC	9.456775	-51.356281	0	T:23.0(0.14%),B:2.5(0.01%),P:1e-22	Tpos:23.8,Tstd:16.6,Bpos:43.3,Bstd:11.3,StrandBias:2.2,Multiplicity:1.00
0.125	0.474	0.193	0.208
0.090	0.752	0.156	0.002
0.146	0.586	0.145	0.123
0.204	0.587	0.154	0.055
0.213	0.010	0.576	0.201
0.001	0.788	0.110	0.101
0.078	0.183	0.002	0.737
0.006	0.526	0.338	0.130
0.113	0.819	0.004	0.064
0.104	0.164	0.107	0.625
0.129	0.143	0.168	0.560
0.039	0.819	0.004	0.138
>CCTGGATAGGGA	81-CCTGGATAGGGA	10.674298	-51.356281	0	T:23.0(0.14%),B:2.7(0.01%),P:1e-22	Tpos:41.5,Tstd:15.0,Bpos:30.2,Bstd:13.0,StrandBias:1.8,Multiplicity:1.00
0.171	0.714	0.030	0.085
0.057	0.914	0.028	0.001
0.028	0.001	0.112	0.859
0.057	0.001	0.771	0.171
0.029	0.086	0.828	0.057
0.914	0.084	0.001	0.001
0.029	0.057	0.057	0.857
0.743	0.001	0.171	0.085
0.058	0.029	0.855	0.058
0.029	0.057	0.829	0.085
0.057	0.057	0.829	0.057
0.914	0.028	0.057	0.001
>ACTTTACTTGCC	82-ACTTTACTTGCC	10.608114	-51.356281	0	T:23.0(0.14%),B:3.0(0.01%),P:1e-22	Tpos:41.5,Tstd:12.9,Bpos:37.9,Bstd:1.4,StrandBias:-0.9,Multiplicity:1.00
0.817	0.017	0.114	0.052
0.069	0.775	0.035	0.121
0.001	0.052	0.086	0.861
0.001	0.052	0.052	0.895
0.035	0.052	0.088	0.825
0.757	0.052	0.087	0.104
0.017	0.809	0.122	0.052
0.017	0.035	0.017	0.931
0.035	0.036	0.018	0.911
0.035	0.035	0.866	0.064
0.053	0.693	0.132	0.122
0.017	0.878	0.035	0.070
>TCACCAGAGGGM	83-TCACCAGAGGGM	12.109058	-50.068386	0	T:33.0(0.19%),B:6.6(0.02%),P:1e-21	Tpos:15.9,Tstd:10.4,Bpos:21.4,Bstd:10.9,StrandBias:-1.4,Multiplicity:1.00
0.018	0.254	0.144	0.584
0.001	0.997	0.001	0.001
0.780	0.001	0.218	0.001
0.218	0.780	0.001	0.001
0.001	0.997	0.001	0.001
0.997	0.001	0.001	0.001
0.001	0.001	0.997	0.001
0.997	0.001	0.001	0.001
0.001	0.001	0.601	0.397
0.001	0.001	0.997	0.001
0.109	0.001	0.671	0.219
0.526	0.472	0.001	0.001
>TGACAGCTGGCA	84-TGACAGCTGGCA	11.392568	-48.273038	0	T:22.0(0.13%),B:2.5(0.01%),P:1e-20	Tpos:40.4,Tstd:14.4,Bpos:39.2,Bstd:10.7,StrandBias:-0.3,Multiplicity:1.00
0.064	0.038	0.001	0.897
0.001	0.025	0.923	0.051
0.911	0.013	0.038	0.038
0.084	0.890	0.013	0.013
0.883	0.013	0.026	0.078
0.038	0.001	0.877	0.084
0.090	0.774	0.026	0.110
0.038	0.060	0.127	0.775
0.014	0.140	0.795	0.051
0.198	0.039	0.725	0.038
0.115	0.770	0.051	0.064
0.794	0.077	0.026	0.103
>GTAAACACGTGC	85-GTAAACACGTGC	8.817236	-48.273038	0	T:22.0(0.13%),B:2.9(0.01%),P:1e-20	Tpos:40.0,Tstd:17.9,Bpos:45.8,Bstd:15.8,StrandBias:0.7,Multiplicity:1.00
0.143	0.089	0.649	0.119
0.142	0.106	0.111	0.641
0.682	0.113	0.113	0.092
0.728	0.089	0.094	0.089
0.750	0.091	0.070	0.089
0.140	0.663	0.109	0.088
0.741	0.075	0.074	0.110
0.157	0.612	0.106	0.125
0.130	0.117	0.599	0.154
0.126	0.090	0.098	0.686
0.126	0.107	0.640	0.127
0.142	0.605	0.116	0.137
>GTAGTGGCATTG	86-GTAGTGGCATTG	9.827600	-48.080220	0	T:30.0(0.18%),B:5.1(0.02%),P:1e-20	Tpos:40.1,Tstd:17.5,Bpos:45.0,Bstd:17.5,StrandBias:0.6,Multiplicity:1.00
0.236	0.141	0.545	0.078
0.114	0.102	0.141	0.643
0.735	0.023	0.152	0.090
0.117	0.094	0.736	0.053
0.001	0.039	0.015	0.945
0.047	0.070	0.774	0.109
0.001	0.047	0.796	0.156
0.063	0.796	0.031	0.110
0.757	0.079	0.065	0.099
0.047	0.168	0.189	0.596
0.070	0.140	0.157	0.633
0.001	0.054	0.906	0.039
>GTAGGAAGCTCC	87-GTAGGAAGCTCC	10.590232	-46.397987	0	T:27.0(0.16%),B:5.0(0.02%),P:1e-20	Tpos:32.0,Tstd:15.6,Bpos:40.2,Bstd:11.0,StrandBias:-1.0,Multiplicity:1.00
0.001	0.001	0.922	0.076
0.037	0.037	0.037	0.889
0.737	0.075	0.001	0.187
0.037	0.174	0.788	0.001
0.075	0.075	0.813	0.037
0.847	0.039	0.037	0.077
0.960	0.037	0.002	0.001
0.187	0.037	0.739	0.037
0.030	0.819	0.037	0.114
0.134	0.075	0.001	0.790
0.001	0.887	0.037	0.075
0.037	0.851	0.037	0.075
>GAGTCGAGACCT	88-GAGTCGAGACCT	8.444789	-45.256444	0	T:24.0(0.14%),B:3.7(0.01%),P:1e-19	Tpos:47.3,Tstd:15.2,Bpos:53.3,Bstd:10.2,StrandBias:0.0,Multiplicity:1.00
0.118	0.120	0.648	0.114
0.679	0.109	0.078	0.134
0.099	0.120	0.673	0.108
0.103	0.118	0.103	0.676
0.107	0.672	0.112	0.109
0.125	0.119	0.651	0.105
0.678	0.105	0.105	0.112
0.113	0.122	0.635	0.130
0.653	0.111	0.104	0.132
0.126	0.637	0.117	0.120
0.093	0.697	0.116	0.094
0.125	0.106	0.116	0.653
>HAACTCTCAGAH	89-HAACTCTCAGAH	8.154765	-45.256444	0	T:24.0(0.14%),B:3.8(0.01%),P:1e-19	Tpos:47.3,Tstd:16.1,Bpos:42.4,Bstd:11.0,StrandBias:-0.7,Multiplicity:1.00
0.271	0.341	0.190	0.198
0.634	0.129	0.130	0.107
0.672	0.100	0.105	0.123
0.139	0.614	0.117	0.130
0.144	0.096	0.103	0.657
0.128	0.550	0.164	0.158
0.149	0.115	0.112	0.624
0.116	0.654	0.120	0.110
0.667	0.103	0.100	0.130
0.165	0.134	0.595	0.106
0.623	0.130	0.105	0.142
0.222	0.368	0.184	0.226
