>WAGCAGACGA	1-WAGCAGACGA	7.997175	-1759.675841	0	T:1523.0(8.99%),B:398.3(1.24%),P:1e-764	Tpos:36.5,Tstd:15.1,Bpos:34.2,Bstd:23.1,StrandBias:-0.3,Multiplicity:1.04
0.404	0.094	0.168	0.335
0.658	0.013	0.041	0.288
0.055	0.016	0.915	0.014
0.030	0.940	0.022	0.008
0.959	0.009	0.013	0.019
0.003	0.006	0.983	0.008
0.872	0.021	0.009	0.098
0.041	0.949	0.007	0.003
0.177	0.014	0.637	0.172
0.754	0.035	0.151	0.060
>GTATAAAARG	2-GTATAAAARG	8.140117	-1157.272519	0	T:1105.0(6.52%),B:324.8(1.01%),P:1e-502	Tpos:23.7,Tstd:6.8,Bpos:35.0,Bstd:20.6,StrandBias:3.6,Multiplicity:1.00
0.168	0.098	0.670	0.064
0.026	0.006	0.018	0.950
0.975	0.008	0.007	0.010
0.004	0.003	0.021	0.972
0.967	0.001	0.003	0.029
0.632	0.008	0.026	0.334
0.966	0.011	0.021	0.002
0.774	0.040	0.070	0.116
0.390	0.019	0.462	0.129
0.097	0.203	0.634	0.066
>GCAGACGACA	3-GCAGACGACA	7.242235	-1131.239682	0	T:1750.0(10.33%),B:853.8(2.66%),P:1e-491	Tpos:39.7,Tstd:17.3,Bpos:36.6,Bstd:22.7,StrandBias:0.5,Multiplicity:1.04
0.326	0.020	0.653	0.001
0.001	0.997	0.001	0.001
0.997	0.001	0.001	0.001
0.001	0.001	0.997	0.001
0.569	0.036	0.001	0.394
0.183	0.577	0.045	0.195
0.001	0.108	0.641	0.250
0.452	0.120	0.252	0.175
0.103	0.693	0.001	0.203
0.511	0.001	0.189	0.299
>TCAGTTBNYM	4-TCAGTTBNYM	5.865064	-707.706626	0	T:2809.0(16.59%),B:2501.8(7.81%),P:1e-307	Tpos:47.5,Tstd:14.3,Bpos:35.5,Bstd:22.6,StrandBias:2.3,Multiplicity:1.05
0.017	0.008	0.001	0.974
0.001	0.984	0.001	0.014
0.997	0.001	0.001	0.001
0.001	0.001	0.997	0.001
0.001	0.001	0.001	0.997
0.088	0.368	0.005	0.539
0.062	0.320	0.342	0.276
0.196	0.309	0.214	0.281
0.043	0.319	0.236	0.402
0.383	0.239	0.154	0.223
>CARCGTTGCC	5-CARCGTTGCC	7.725740	-429.092931	0	T:580.0(3.42%),B:245.5(0.77%),P:1e-186	Tpos:24.6,Tstd:13.4,Bpos:33.6,Bstd:21.6,StrandBias:-2.0,Multiplicity:1.01
0.118	0.751	0.108	0.023
0.599	0.078	0.151	0.172
0.388	0.078	0.497	0.037
0.150	0.598	0.101	0.151
0.094	0.001	0.893	0.012
0.030	0.079	0.114	0.777
0.029	0.077	0.049	0.845
0.003	0.022	0.974	0.001
0.001	0.891	0.008	0.100
0.160	0.754	0.041	0.045
>CTAGATGGCG	6-CTAGATGGCG	7.822155	-278.280472	0	T:484.0(2.86%),B:254.1(0.79%),P:1e-120	Tpos:27.4,Tstd:14.7,Bpos:34.9,Bstd:19.1,StrandBias:1.7,Multiplicity:1.00
0.132	0.774	0.057	0.037
0.139	0.233	0.052	0.576
0.904	0.017	0.032	0.047
0.058	0.036	0.872	0.034
0.875	0.031	0.075	0.019
0.040	0.017	0.097	0.846
0.055	0.005	0.912	0.028
0.070	0.050	0.717	0.163
0.034	0.861	0.033	0.072
0.149	0.036	0.666	0.149
>GAGTATCTCC	7-GAGTATCTCC	11.520558	-240.011159	0	T:105.0(0.62%),B:8.6(0.03%),P:1e-104	Tpos:62.4,Tstd:8.0,Bpos:45.6,Bstd:20.6,StrandBias:6.7,Multiplicity:1.00
0.001	0.001	0.912	0.086
0.997	0.001	0.001	0.001
0.001	0.001	0.997	0.001
0.046	0.312	0.001	0.641
0.997	0.001	0.001	0.001
0.001	0.001	0.001	0.997
0.044	0.635	0.320	0.001
0.001	0.086	0.001	0.912
0.406	0.592	0.001	0.001
0.001	0.997	0.001	0.001
>TATAAAAACC	8-TATAAAAACC	10.489144	-231.747605	0	T:167.0(0.99%),B:34.0(0.11%),P:1e-100	Tpos:24.3,Tstd:9.2,Bpos:36.9,Bstd:18.0,StrandBias:2.9,Multiplicity:1.00
0.001	0.001	0.001	0.997
0.997	0.001	0.001	0.001
0.001	0.001	0.001	0.997
0.997	0.001	0.001	0.001
0.729	0.001	0.001	0.269
0.997	0.001	0.001	0.001
0.835	0.001	0.001	0.163
0.812	0.115	0.072	0.001
0.001	0.991	0.007	0.001
0.001	0.927	0.071	0.001
>ATCTGGCAAC	9-ATCTGGCAAC	9.381277	-219.333859	0	T:180.0(1.06%),B:44.0(0.14%),P:1e-95	Tpos:25.1,Tstd:13.8,Bpos:39.3,Bstd:22.7,StrandBias:2.5,Multiplicity:1.00
0.997	0.001	0.001	0.001
0.001	0.001	0.001	0.997
0.130	0.769	0.001	0.100
0.001	0.001	0.001	0.997
0.041	0.001	0.957	0.001
0.001	0.001	0.997	0.001
0.001	0.997	0.001	0.001
0.997	0.001	0.001	0.001
0.863	0.006	0.001	0.130
0.001	0.926	0.001	0.072
>TRGYAAYGYC	10-TRGYAAYGYC	6.840686	-173.062561	0	T:168.0(0.99%),B:50.8(0.16%),P:1e-75	Tpos:28.6,Tstd:15.2,Bpos:33.7,Bstd:15.9,StrandBias:1.2,Multiplicity:1.00
0.179	0.108	0.005	0.708
0.373	0.139	0.444	0.045
0.285	0.088	0.517	0.110
0.013	0.440	0.227	0.321
0.758	0.005	0.108	0.129
0.540	0.034	0.208	0.218
0.151	0.407	0.099	0.343
0.063	0.185	0.745	0.007
0.003	0.395	0.239	0.364
0.282	0.449	0.180	0.089
>DTGTAAACAA	11-DTGTAAACAA	8.082567	-170.231326	0	T:505.0(2.98%),B:377.8(1.18%),P:1e-73	Tpos:35.8,Tstd:17.4,Bpos:35.9,Bstd:19.6,StrandBias:0.2,Multiplicity:1.01
0.269	0.050	0.292	0.389
0.125	0.268	0.001	0.606
0.213	0.011	0.666	0.110
0.128	0.001	0.051	0.820
0.997	0.001	0.001	0.001
0.896	0.001	0.001	0.102
0.977	0.001	0.021	0.001
0.001	0.767	0.001	0.231
0.942	0.056	0.001	0.001
0.733	0.180	0.001	0.086
>CCGCTAGAGG	12-CCGCTAGAGG	8.412366	-166.181496	0	T:207.0(1.22%),B:81.6(0.25%),P:1e-72	Tpos:24.7,Tstd:15.3,Bpos:41.1,Bstd:19.6,StrandBias:0.8,Multiplicity:1.00
0.147	0.773	0.048	0.032
0.006	0.992	0.001	0.001
0.006	0.001	0.992	0.001
0.032	0.814	0.147	0.007
0.001	0.001	0.001	0.997
0.997	0.001	0.001	0.001
0.001	0.001	0.997	0.001
0.912	0.001	0.086	0.001
0.001	0.001	0.795	0.203
0.007	0.032	0.913	0.048
>YYWWMWMYMG	13-YYWWMWMYMG	5.602801	-160.839332	0	T:184.0(1.09%),B:66.9(0.21%),P:1e-69	Tpos:27.8,Tstd:14.3,Bpos:39.5,Bstd:18.0,StrandBias:-0.7,Multiplicity:1.00
0.174	0.349	0.033	0.443
0.036	0.395	0.073	0.496
0.331	0.066	0.154	0.449
0.289	0.146	0.151	0.414
0.552	0.404	0.001	0.043
0.294	0.019	0.244	0.443
0.419	0.350	0.230	0.001
0.174	0.345	0.022	0.459
0.448	0.467	0.079	0.006
0.208	0.139	0.413	0.240
>CCGCCATTTT	14-CCGCCATTTT	9.697367	-154.711476	0	T:212.0(1.25%),B:91.1(0.28%),P:1e-67	Tpos:45.5,Tstd:16.9,Bpos:32.5,Bstd:15.6,StrandBias:0.0,Multiplicity:1.00
0.047	0.660	0.068	0.225
0.096	0.834	0.069	0.001
0.038	0.038	0.843	0.081
0.047	0.906	0.018	0.029
0.001	0.997	0.001	0.001
0.895	0.032	0.029	0.044
0.001	0.001	0.001	0.997
0.165	0.006	0.134	0.695
0.127	0.001	0.050	0.822
0.065	0.029	0.028	0.878
>AGGTGGCGCT	15-AGGTGGCGCT	6.997825	-152.606135	0	T:532.0(3.14%),B:432.3(1.35%),P:1e-66	Tpos:28.0,Tstd:16.7,Bpos:32.4,Bstd:18.7,StrandBias:0.1,Multiplicity:1.02
0.741	0.135	0.037	0.087
0.063	0.058	0.829	0.050
0.190	0.031	0.749	0.030
0.041	0.078	0.111	0.770
0.059	0.039	0.879	0.023
0.044	0.048	0.834	0.074
0.097	0.832	0.027	0.044
0.129	0.010	0.779	0.082
0.025	0.822	0.087	0.066
0.047	0.101	0.085	0.767
>GATCAGTCGA	16-GATCAGTCGA	8.913165	-148.133943	0	T:175.0(1.03%),B:65.9(0.21%),P:1e-64	Tpos:42.9,Tstd:16.5,Bpos:32.6,Bstd:16.5,StrandBias:2.5,Multiplicity:1.00
0.011	0.095	0.841	0.053
0.494	0.171	0.122	0.213
0.027	0.001	0.038	0.934
0.011	0.947	0.021	0.021
0.929	0.049	0.011	0.011
0.001	0.021	0.577	0.401
0.032	0.023	0.011	0.934
0.021	0.819	0.028	0.132
0.160	0.098	0.693	0.049
0.849	0.021	0.077	0.053
>TACTGTTTAS	17-TACTGTTTAS	8.721182	-145.003370	0	T:262.0(1.55%),B:142.9(0.45%),P:1e-62	Tpos:32.0,Tstd:14.6,Bpos:33.0,Bstd:23.5,StrandBias:1.3,Multiplicity:1.02
0.184	0.001	0.121	0.694
0.751	0.028	0.174	0.047
0.107	0.840	0.052	0.001
0.001	0.005	0.001	0.993
0.130	0.001	0.868	0.001
0.005	0.001	0.001	0.993
0.001	0.001	0.001	0.997
0.016	0.121	0.074	0.789
0.977	0.016	0.006	0.001
0.120	0.377	0.328	0.175
>GWGAGAAAAR	18-GWGAGAAAAR	11.248084	-137.115647	0	T:159.0(0.94%),B:58.8(0.18%),P:1e-59	Tpos:23.8,Tstd:13.0,Bpos:37.2,Bstd:20.3,StrandBias:4.0,Multiplicity:1.41
0.001	0.001	0.997	0.001
0.486	0.004	0.001	0.509
0.001	0.120	0.861	0.018
0.997	0.001	0.001	0.001
0.001	0.211	0.593	0.195
0.786	0.212	0.001	0.001
0.974	0.018	0.004	0.004
0.995	0.003	0.001	0.001
0.851	0.138	0.010	0.001
0.437	0.010	0.505	0.048
>NTTTGACAGY	19-NTTTGACAGY	8.304942	-107.735822	0	T:362.0(2.14%),B:289.7(0.90%),P:1e-46	Tpos:38.2,Tstd:17.7,Bpos:34.5,Bstd:21.6,StrandBias:0.5,Multiplicity:1.01
0.263	0.205	0.194	0.338
0.165	0.043	0.153	0.639
0.048	0.260	0.086	0.606
0.011	0.034	0.001	0.954
0.014	0.018	0.958	0.010
0.889	0.028	0.057	0.026
0.012	0.919	0.059	0.010
0.904	0.024	0.012	0.060
0.170	0.161	0.526	0.143
0.119	0.337	0.110	0.434
>TATCAAAACA	20-TATCAAAACA	8.451493	-97.241604	0	T:349.0(2.06%),B:288.5(0.90%),P:1e-42	Tpos:33.2,Tstd:18.1,Bpos:33.3,Bstd:18.6,StrandBias:-0.4,Multiplicity:1.01
0.126	0.001	0.016	0.857
0.671	0.014	0.174	0.141
0.081	0.007	0.001	0.911
0.055	0.943	0.001	0.001
0.992	0.001	0.006	0.001
0.949	0.022	0.008	0.021
0.913	0.065	0.001	0.021
0.926	0.001	0.001	0.072
0.082	0.916	0.001	0.001
0.931	0.001	0.009	0.059
>AAACTCATTA	21-AAACTCATTA	10.840170	-89.763439	0	T:56.0(0.33%),B:9.5(0.03%),P:1e-38	Tpos:23.9,Tstd:12.2,Bpos:40.7,Bstd:18.9,StrandBias:1.5,Multiplicity:1.00
0.997	0.001	0.001	0.001
0.997	0.001	0.001	0.001
0.997	0.001	0.001	0.001
0.001	0.997	0.001	0.001
0.001	0.001	0.001	0.997
0.001	0.997	0.001	0.001
0.997	0.001	0.001	0.001
0.001	0.001	0.050	0.948
0.001	0.001	0.001	0.997
0.997	0.001	0.001	0.001
>DATCAGCTGW	22-DATCAGCTGW	9.820339	-83.888967	0	T:175.0(1.03%),B:106.9(0.33%),P:1e-36	Tpos:33.2,Tstd:17.2,Bpos:38.2,Bstd:21.3,StrandBias:-0.2,Multiplicity:1.02
0.351	0.001	0.362	0.286
0.746	0.185	0.068	0.001
0.397	0.001	0.001	0.601
0.001	0.997	0.001	0.001
0.997	0.001	0.001	0.001
0.001	0.001	0.997	0.001
0.001	0.997	0.001	0.001
0.001	0.001	0.001	0.997
0.001	0.001	0.997	0.001
0.562	0.001	0.001	0.436
>GTGTCAGTAT	23-GTGTCAGTAT	11.031599	-82.478051	0	T:40.0(0.24%),B:4.8(0.01%),P:1e-35	Tpos:42.6,Tstd:14.6,Bpos:43.0,Bstd:6.9,StrandBias:1.3,Multiplicity:1.00
0.001	0.001	0.803	0.195
0.008	0.001	0.001	0.990
0.195	0.001	0.609	0.195
0.001	0.001	0.195	0.803
0.001	0.997	0.001	0.001
0.997	0.001	0.001	0.001
0.001	0.001	0.997	0.001
0.188	0.001	0.001	0.810
0.780	0.001	0.218	0.001
0.001	0.001	0.001	0.997
>CCCTTCCTCC	24-CCCTTCCTCC	9.699780	-82.185007	0	T:99.0(0.58%),B:38.9(0.12%),P:1e-35	Tpos:31.0,Tstd:16.9,Bpos:38.5,Bstd:14.6,StrandBias:-0.5,Multiplicity:1.01
0.019	0.911	0.069	0.001
0.001	0.834	0.050	0.115
0.055	0.909	0.007	0.029
0.041	0.001	0.001	0.957
0.001	0.001	0.050	0.948
0.033	0.933	0.001	0.033
0.006	0.992	0.001	0.001
0.001	0.121	0.019	0.859
0.007	0.948	0.001	0.044
0.007	0.769	0.001	0.223
>CAGAAGCGTG	25-CAGAAGCGTG	9.446840	-78.368191	0	T:26.0(0.15%),B:1.9(0.01%),P:1e-34	Tpos:45.3,Tstd:21.2,Bpos:35.0,Bstd:0.0,StrandBias:-0.4,Multiplicity:1.00
0.001	0.997	0.001	0.001
0.997	0.001	0.001	0.001
0.001	0.020	0.978	0.001
0.997	0.001	0.001	0.001
0.997	0.001	0.001	0.001
0.001	0.001	0.997	0.001
0.001	0.775	0.001	0.223
0.001	0.001	0.997	0.001
0.001	0.001	0.202	0.796
0.001	0.001	0.997	0.001
>WAGSGARSCM	26-WAGSGARSCM	7.134310	-78.368191	0	T:26.0(0.15%),B:1.4(0.00%),P:1e-34	Tpos:44.0,Tstd:16.5,Bpos:20.4,Bstd:4.2,StrandBias:2.5,Multiplicity:1.00
0.268	0.164	0.196	0.372
0.705	0.285	0.006	0.004
0.001	0.001	0.997	0.001
0.001	0.513	0.485	0.001
0.186	0.154	0.563	0.097
0.515	0.197	0.001	0.287
0.447	0.244	0.309	0.001
0.157	0.275	0.385	0.184
0.101	0.562	0.095	0.242
0.318	0.442	0.200	0.039
>AGACGCTTTT	27-AGACGCTTTT	6.928147	-78.116752	0	T:49.0(0.29%),B:8.4(0.03%),P:1e-33	Tpos:38.3,Tstd:16.4,Bpos:30.7,Bstd:14.8,StrandBias:1.8,Multiplicity:1.00
0.997	0.001	0.001	0.001
0.001	0.001	0.997	0.001
0.997	0.001	0.001	0.001
0.001	0.997	0.001	0.001
0.001	0.001	0.997	0.001
0.140	0.858	0.001	0.001
0.001	0.001	0.001	0.997
0.001	0.001	0.001	0.997
0.001	0.001	0.001	0.997
0.001	0.001	0.001	0.997
>CCCTCTGGCG	28-CCCTCTGGCG	9.457572	-75.955181	0	T:79.0(0.47%),B:26.0(0.08%),P:1e-32	Tpos:20.1,Tstd:16.8,Bpos:40.6,Bstd:13.5,StrandBias:-0.3,Multiplicity:1.00
0.001	0.997	0.001	0.001
0.001	0.911	0.001	0.087
0.135	0.863	0.001	0.001
0.046	0.001	0.001	0.952
0.001	0.997	0.001	0.001
0.242	0.001	0.001	0.756
0.001	0.001	0.756	0.242
0.087	0.001	0.911	0.001
0.001	0.863	0.001	0.135
0.242	0.001	0.756	0.001
>GGGAAGGGAA	29-GGGAAGGGAA	9.451525	-75.215919	0	T:102.0(0.60%),B:44.7(0.14%),P:1e-32	Tpos:26.1,Tstd:15.9,Bpos:33.8,Bstd:13.4,StrandBias:-0.2,Multiplicity:1.03
0.001	0.001	0.997	0.001
0.060	0.001	0.938	0.001
0.028	0.001	0.970	0.001
0.903	0.065	0.014	0.018
0.711	0.001	0.119	0.169
0.040	0.041	0.887	0.032
0.077	0.001	0.857	0.065
0.001	0.046	0.952	0.001
0.951	0.001	0.031	0.017
0.929	0.007	0.032	0.032
>GATCAAAAAA	30-GATCAAAAAA	10.296193	-70.691550	0	T:29.0(0.17%),B:2.6(0.01%),P:1e-30	Tpos:13.0,Tstd:11.0,Bpos:32.6,Bstd:12.1,StrandBias:4.8,Multiplicity:1.00
0.100	0.100	0.700	0.100
0.700	0.100	0.100	0.100
0.100	0.100	0.100	0.700
0.100	0.700	0.100	0.100
0.700	0.100	0.100	0.100
0.700	0.100	0.100	0.100
0.700	0.100	0.100	0.100
0.700	0.100	0.100	0.100
0.700	0.100	0.100	0.100
0.700	0.100	0.100	0.100
>TCGGCTGCTA	31-TCGGCTGCTA	8.814398	-68.935162	0	T:43.0(0.25%),B:7.8(0.02%),P:1e-29	Tpos:37.8,Tstd:17.8,Bpos:38.9,Bstd:14.8,StrandBias:0.4,Multiplicity:1.00
0.001	0.001	0.019	0.979
0.001	0.997	0.001	0.001
0.001	0.001	0.997	0.001
0.001	0.001	0.997	0.001
0.020	0.959	0.001	0.020
0.001	0.051	0.001	0.947
0.020	0.001	0.840	0.139
0.001	0.997	0.001	0.001
0.001	0.001	0.019	0.979
0.997	0.001	0.001	0.001
>TCAGCAACCC	32-TCAGCAACCC	11.323740	-66.793516	0	T:23.0(0.14%),B:0.4(0.00%),P:1e-29	Tpos:19.6,Tstd:12.8,Bpos:22.0,Bstd:0.0,StrandBias:1.5,Multiplicity:1.00
0.001	0.001	0.001	0.997
0.014	0.971	0.001	0.014
0.971	0.014	0.014	0.001
0.001	0.001	0.997	0.001
0.013	0.985	0.001	0.001
0.901	0.001	0.097	0.001
0.985	0.013	0.001	0.001
0.064	0.934	0.001	0.001
0.001	0.997	0.001	0.001
0.037	0.961	0.001	0.001
>CTCGCCAGTC	33-CTCGCCAGTC	7.787823	-64.719728	0	T:282.0(1.67%),B:255.7(0.80%),P:1e-28	Tpos:41.9,Tstd:15.6,Bpos:34.1,Bstd:20.7,StrandBias:1.3,Multiplicity:1.00
0.002	0.816	0.107	0.075
0.159	0.132	0.196	0.513
0.059	0.728	0.071	0.142
0.001	0.042	0.798	0.159
0.166	0.570	0.243	0.021
0.001	0.931	0.067	0.001
0.871	0.048	0.037	0.044
0.056	0.001	0.895	0.048
0.001	0.097	0.001	0.901
0.001	0.951	0.047	0.001
>GCCATTTTGT	34-GCCATTTTGT	11.562876	-63.892427	0	T:59.0(0.35%),B:17.4(0.05%),P:1e-27	Tpos:41.8,Tstd:19.6,Bpos:34.5,Bstd:15.2,StrandBias:-0.6,Multiplicity:1.00
0.001	0.001	0.997	0.001
0.001	0.997	0.001	0.001
0.001	0.997	0.001	0.001
0.997	0.001	0.001	0.001
0.001	0.001	0.001	0.997
0.058	0.103	0.209	0.630
0.001	0.001	0.001	0.997
0.001	0.001	0.001	0.997
0.001	0.001	0.997	0.001
0.001	0.001	0.001	0.997
>CAGGTGGGCT	35-CAGGTGGGCT	9.821134	-63.018111	0	T:22.0(0.13%),B:1.4(0.00%),P:1e-27	Tpos:33.7,Tstd:13.2,Bpos:26.0,Bstd:0.0,StrandBias:-1.0,Multiplicity:1.00
0.001	0.997	0.001	0.001
0.997	0.001	0.001	0.001
0.001	0.051	0.947	0.001
0.001	0.001	0.997	0.001
0.001	0.001	0.001	0.997
0.001	0.001	0.997	0.001
0.001	0.001	0.979	0.019
0.001	0.001	0.997	0.001
0.001	0.997	0.001	0.001
0.001	0.001	0.001	0.997
>GCTGTATATT	36-GCTGTATATT	10.106201	-63.018111	0	T:22.0(0.13%),B:1.7(0.01%),P:1e-27	Tpos:28.0,Tstd:10.5,Bpos:8.0,Bstd:0.0,StrandBias:2.9,Multiplicity:1.00
0.001	0.001	0.997	0.001
0.001	0.974	0.024	0.001
0.001	0.001	0.001	0.997
0.001	0.001	0.997	0.001
0.001	0.001	0.001	0.997
0.997	0.001	0.001	0.001
0.001	0.001	0.001	0.997
0.997	0.001	0.001	0.001
0.001	0.001	0.001	0.997
0.001	0.001	0.001	0.997
>GGGTCTTCAG	37-GGGTCTTCAG	11.867582	-62.234052	0	T:38.0(0.22%),B:6.1(0.02%),P:1e-27	Tpos:29.3,Tstd:13.7,Bpos:45.4,Bstd:4.1,StrandBias:3.4,Multiplicity:1.00
0.001	0.001	0.997	0.001
0.001	0.001	0.640	0.358
0.001	0.001	0.997	0.001
0.001	0.001	0.001	0.997
0.001	0.678	0.001	0.320
0.001	0.001	0.001	0.997
0.001	0.320	0.001	0.678
0.001	0.997	0.001	0.001
0.997	0.001	0.001	0.001
0.001	0.001	0.997	0.001
>GTCATAGTGT	38-GTCATAGTGT	10.807183	-60.854009	0	T:26.0(0.15%),B:2.9(0.01%),P:1e-26	Tpos:37.8,Tstd:14.9,Bpos:43.5,Bstd:15.3,StrandBias:-0.2,Multiplicity:1.00
0.001	0.001	0.997	0.001
0.001	0.136	0.001	0.862
0.001	0.997	0.001	0.001
0.997	0.001	0.001	0.001
0.148	0.001	0.001	0.850
0.997	0.001	0.001	0.001
0.001	0.001	0.997	0.001
0.001	0.354	0.001	0.644
0.001	0.001	0.997	0.001
0.001	0.001	0.354	0.644
>GTCGCCCTTG	39-GTCGCCCTTG	9.550123	-59.442380	0	T:29.0(0.17%),B:3.5(0.01%),P:1e-25	Tpos:40.2,Tstd:14.0,Bpos:41.1,Bstd:11.6,StrandBias:0.5,Multiplicity:1.00
0.001	0.001	0.997	0.001
0.001	0.001	0.016	0.982
0.001	0.997	0.001	0.001
0.001	0.016	0.982	0.001
0.001	0.997	0.001	0.001
0.001	0.997	0.001	0.001
0.001	0.997	0.001	0.001
0.001	0.001	0.001	0.997
0.001	0.001	0.114	0.884
0.016	0.001	0.982	0.001
>CTACTTAAGC	40-CTACTTAAGC	9.896226	-59.442380	0	T:29.0(0.17%),B:3.4(0.01%),P:1e-25	Tpos:22.7,Tstd:13.0,Bpos:29.6,Bstd:20.1,StrandBias:0.5,Multiplicity:1.00
0.197	0.669	0.034	0.100
0.390	0.020	0.044	0.546
0.927	0.023	0.023	0.027
0.020	0.893	0.008	0.079
0.093	0.015	0.254	0.638
0.119	0.034	0.121	0.726
0.885	0.020	0.023	0.072
0.871	0.091	0.016	0.022
0.001	0.034	0.782	0.183
0.314	0.474	0.100	0.112
>GCAGTTTAGT	41-GCAGTTTAGT	9.147115	-59.082749	0	T:41.0(0.24%),B:8.4(0.03%),P:1e-25	Tpos:40.2,Tstd:15.4,Bpos:27.7,Bstd:21.2,StrandBias:1.2,Multiplicity:1.00
0.001	0.090	0.908	0.001
0.001	0.986	0.001	0.012
0.997	0.001	0.001	0.001
0.013	0.034	0.952	0.001
0.033	0.001	0.001	0.965
0.001	0.001	0.001	0.997
0.001	0.001	0.001	0.997
0.997	0.001	0.001	0.001
0.001	0.001	0.965	0.033
0.001	0.001	0.060	0.938
>CGGCTTCCTA	42-CGGCTTCCTA	8.627179	-57.648419	0	T:25.0(0.15%),B:3.0(0.01%),P:1e-25	Tpos:25.8,Tstd:15.5,Bpos:40.7,Bstd:6.5,StrandBias:1.1,Multiplicity:1.00
0.044	0.954	0.001	0.001
0.001	0.001	0.997	0.001
0.001	0.001	0.997	0.001
0.001	0.739	0.001	0.259
0.022	0.001	0.001	0.976
0.001	0.001	0.001	0.997
0.001	0.997	0.001	0.001
0.001	0.997	0.001	0.001
0.001	0.001	0.001	0.997
0.997	0.001	0.001	0.001
>GCGAAGTTAA	43-GCGAAGTTAA	10.493999	-56.806127	0	T:40.0(0.24%),B:8.3(0.03%),P:1e-24	Tpos:39.6,Tstd:12.4,Bpos:29.8,Bstd:16.6,StrandBias:1.6,Multiplicity:1.00
0.001	0.001	0.997	0.001
0.001	0.997	0.001	0.001
0.001	0.001	0.997	0.001
0.678	0.320	0.001	0.001
0.678	0.001	0.320	0.001
0.001	0.001	0.997	0.001
0.001	0.001	0.348	0.650
0.330	0.001	0.001	0.668
0.997	0.001	0.001	0.001
0.662	0.001	0.336	0.001
>CCARTGTCSC	44-CCARTGTCSC	7.150567	-56.806127	0	T:40.0(0.24%),B:8.5(0.03%),P:1e-24	Tpos:38.4,Tstd:13.1,Bpos:30.4,Bstd:22.7,StrandBias:1.2,Multiplicity:1.00
0.342	0.648	0.009	0.001
0.086	0.486	0.133	0.296
0.548	0.183	0.087	0.182
0.382	0.161	0.456	0.001
0.119	0.225	0.203	0.453
0.115	0.248	0.460	0.177
0.001	0.328	0.117	0.554
0.134	0.475	0.323	0.068
0.012	0.488	0.474	0.026
0.001	0.849	0.149	0.001
>TACRTCCTGA	45-TACRTCCTGA	11.897204	-54.481981	0	T:24.0(0.14%),B:3.0(0.01%),P:1e-23	Tpos:56.5,Tstd:12.4,Bpos:32.6,Bstd:3.2,StrandBias:4.4,Multiplicity:1.00
0.001	0.001	0.001	0.997
0.997	0.001	0.001	0.001
0.001	0.997	0.001	0.001
0.527	0.001	0.471	0.001
0.001	0.001	0.001	0.997
0.001	0.997	0.001	0.001
0.001	0.598	0.400	0.001
0.128	0.001	0.001	0.870
0.001	0.001	0.997	0.001
0.870	0.128	0.001	0.001
>CTATATAAGC	46-CTATATAAGC	10.901872	-54.265198	0	T:30.0(0.18%),B:4.7(0.01%),P:1e-23	Tpos:22.0,Tstd:4.3,Bpos:30.3,Bstd:17.1,StrandBias:1.8,Multiplicity:1.00
0.001	0.997	0.001	0.001
0.001	0.001	0.320	0.678
0.997	0.001	0.001	0.001
0.001	0.320	0.001	0.678
0.997	0.001	0.001	0.001
0.001	0.001	0.001	0.997
0.997	0.001	0.001	0.001
0.997	0.001	0.001	0.001
0.001	0.001	0.997	0.001
0.063	0.821	0.001	0.115
>BDCGTCAGTC	47-BDCGTCAGTC	9.892079	-52.015729	0	T:95.0(0.56%),B:53.9(0.17%),P:1e-22	Tpos:48.2,Tstd:7.7,Bpos:38.8,Bstd:12.2,StrandBias:2.3,Multiplicity:1.00
0.001	0.321	0.321	0.357
0.325	0.001	0.320	0.354
0.003	0.971	0.023	0.003
0.001	0.004	0.640	0.355
0.001	0.001	0.323	0.675
0.001	0.994	0.004	0.001
0.997	0.001	0.001	0.001
0.001	0.001	0.997	0.001
0.001	0.001	0.001	0.997
0.001	0.651	0.012	0.336
>CTCAGGCGCT	48-CTCAGGCGCT	10.283901	-50.819197	0	T:26.0(0.15%),B:3.2(0.01%),P:1e-22	Tpos:42.5,Tstd:16.7,Bpos:29.0,Bstd:14.9,StrandBias:2.1,Multiplicity:1.00
0.290	0.688	0.021	0.001
0.291	0.001	0.001	0.707
0.003	0.812	0.184	0.001
0.997	0.001	0.001	0.001
0.001	0.001	0.997	0.001
0.163	0.218	0.598	0.021
0.163	0.835	0.001	0.001
0.001	0.001	0.978	0.020
0.001	0.833	0.165	0.001
0.186	0.042	0.001	0.771
>CTCGCCTWTA	49-CTCGCCTWTA	10.788803	-50.819197	0	T:26.0(0.15%),B:3.5(0.01%),P:1e-22	Tpos:35.5,Tstd:15.3,Bpos:44.5,Bstd:8.0,StrandBias:-0.6,Multiplicity:1.00
0.001	0.997	0.001	0.001
0.195	0.001	0.001	0.803
0.195	0.803	0.001	0.001
0.001	0.001	0.997	0.001
0.001	0.997	0.001	0.001
0.001	0.997	0.001	0.001
0.001	0.001	0.001	0.997
0.353	0.001	0.195	0.451
0.195	0.309	0.001	0.495
0.754	0.001	0.244	0.001
>ATCGATAYMT	50-ATCGATAYMT	9.416880	-48.341719	0	T:94.0(0.56%),B:55.9(0.17%),P:1e-20	Tpos:26.7,Tstd:18.0,Bpos:38.1,Bstd:16.3,StrandBias:0.4,Multiplicity:1.07
0.972	0.018	0.001	0.009
0.024	0.018	0.046	0.912
0.009	0.973	0.009	0.009
0.001	0.001	0.997	0.001
0.948	0.001	0.009	0.042
0.001	0.001	0.206	0.792
0.826	0.052	0.009	0.113
0.001	0.450	0.001	0.548
0.425	0.355	0.009	0.211
0.112	0.197	0.001	0.690
>TWTGACCTGG	51-TWTGACCTGG	11.572538	-48.273038	0	T:22.0(0.13%),B:2.7(0.01%),P:1e-20	Tpos:49.9,Tstd:19.1,Bpos:34.1,Bstd:11.9,StrandBias:2.3,Multiplicity:1.00
0.001	0.001	0.001	0.997
0.471	0.104	0.001	0.424
0.001	0.001	0.001	0.997
0.001	0.001	0.997	0.001
0.997	0.001	0.001	0.001
0.001	0.997	0.001	0.001
0.001	0.997	0.001	0.001
0.001	0.001	0.001	0.997
0.001	0.001	0.997	0.001
0.001	0.001	0.997	0.001
>ACTATATAAA	52-ACTATATAAA	10.296193	-47.715168	0	T:34.0(0.20%),B:7.3(0.02%),P:1e-20	Tpos:21.4,Tstd:2.6,Bpos:40.3,Bstd:14.6,StrandBias:10.0,Multiplicity:1.00
0.700	0.100	0.100	0.100
0.100	0.700	0.100	0.100
0.100	0.100	0.100	0.700
0.700	0.100	0.100	0.100
0.100	0.100	0.100	0.700
0.700	0.100	0.100	0.100
0.100	0.100	0.100	0.700
0.700	0.100	0.100	0.100
0.700	0.100	0.100	0.100
0.700	0.100	0.100	0.100
>GGGCWARTCT	53-GGGCWARTCT	10.327876	-43.846365	0	T:26.0(0.15%),B:4.3(0.01%),P:1e-19	Tpos:35.2,Tstd:19.3,Bpos:35.7,Bstd:13.9,StrandBias:0.6,Multiplicity:1.00
0.001	0.001	0.997	0.001
0.001	0.086	0.912	0.001
0.001	0.001	0.997	0.001
0.001	0.912	0.086	0.001
0.496	0.001	0.020	0.483
0.912	0.001	0.001	0.086
0.479	0.086	0.381	0.053
0.086	0.001	0.001	0.912
0.001	0.997	0.001	0.001
0.001	0.001	0.001	0.997
>AGAGCCCATA	54-AGAGCCCATA	8.778802	-43.671922	0	T:39.0(0.23%),B:11.9(0.04%),P:1e-18	Tpos:40.0,Tstd:16.2,Bpos:35.1,Bstd:13.1,StrandBias:0.8,Multiplicity:1.00
0.997	0.001	0.001	0.001
0.149	0.001	0.726	0.124
0.997	0.001	0.001	0.001
0.001	0.001	0.997	0.001
0.047	0.951	0.001	0.001
0.001	0.951	0.001	0.047
0.001	0.997	0.001	0.001
0.997	0.001	0.001	0.001
0.051	0.001	0.001	0.947
0.997	0.001	0.001	0.001
>AGGCTGTTCA	55-AGGCTGTTCA	10.944414	-42.893651	0	T:37.0(0.22%),B:10.0(0.03%),P:1e-18	Tpos:46.2,Tstd:22.8,Bpos:37.1,Bstd:26.4,StrandBias:1.4,Multiplicity:1.16
0.997	0.001	0.001	0.001
0.001	0.001	0.997	0.001
0.191	0.001	0.807	0.001
0.001	0.997	0.001	0.001
0.001	0.336	0.001	0.662
0.001	0.001	0.997	0.001
0.013	0.001	0.001	0.985
0.001	0.001	0.001	0.997
0.001	0.997	0.001	0.001
0.870	0.128	0.001	0.001
>GGCCTTCTGG	56-GGCCTTCTGG	11.105511	-42.638668	0	T:40.0(0.24%),B:12.6(0.04%),P:1e-18	Tpos:43.0,Tstd:21.3,Bpos:27.1,Bstd:9.5,StrandBias:0.2,Multiplicity:1.00
0.001	0.001	0.649	0.349
0.001	0.001	0.997	0.001
0.001	0.653	0.345	0.001
0.001	0.997	0.001	0.001
0.001	0.001	0.001	0.997
0.001	0.001	0.001	0.997
0.001	0.630	0.001	0.368
0.271	0.001	0.278	0.450
0.001	0.001	0.997	0.001
0.001	0.001	0.997	0.001
>AAAGCTCCAC	57-AAAGCTCCAC	11.176926	-42.535269	0	T:23.0(0.14%),B:3.7(0.01%),P:1e-18	Tpos:41.9,Tstd:16.8,Bpos:54.4,Bstd:10.6,StrandBias:-0.7,Multiplicity:1.00
0.678	0.001	0.001	0.320
0.945	0.001	0.001	0.053
0.997	0.001	0.001	0.001
0.001	0.001	0.997	0.001
0.001	0.997	0.001	0.001
0.001	0.001	0.320	0.678
0.001	0.997	0.001	0.001
0.357	0.641	0.001	0.001
0.697	0.001	0.301	0.001
0.245	0.753	0.001	0.001
>AATGTGTTGT	58-AATGTGTTGT	10.296193	-42.241571	0	T:20.0(0.12%),B:2.4(0.01%),P:1e-18	Tpos:33.5,Tstd:11.8,Bpos:38.0,Bstd:12.4,StrandBias:-1.5,Multiplicity:1.00
0.700	0.100	0.100	0.100
0.700	0.100	0.100	0.100
0.100	0.100	0.100	0.700
0.100	0.100	0.700	0.100
0.100	0.100	0.100	0.700
0.100	0.100	0.700	0.100
0.100	0.100	0.100	0.700
0.100	0.100	0.100	0.700
0.100	0.100	0.700	0.100
0.100	0.100	0.100	0.700
>AACACTGACT	59-AACACTGACT	10.134839	-42.193484	0	T:35.0(0.21%),B:9.7(0.03%),P:1e-18	Tpos:44.6,Tstd:16.6,Bpos:54.6,Bstd:7.4,StrandBias:-1.4,Multiplicity:1.00
0.716	0.001	0.282	0.001
0.959	0.001	0.039	0.001
0.001	0.983	0.001	0.015
0.997	0.001	0.001	0.001
0.001	0.927	0.071	0.001
0.001	0.001	0.039	0.959
0.001	0.001	0.997	0.001
0.997	0.001	0.001	0.001
0.001	0.997	0.001	0.001
0.001	0.001	0.001	0.997
>GGACAACCAC	60-GGACAACCAC	11.607953	-41.378126	0	T:16.0(0.09%),B:0.6(0.00%),P:1e-17	Tpos:27.8,Tstd:9.6,Bpos:32.0,Bstd:0.0,StrandBias:3.9,Multiplicity:1.00
0.065	0.017	0.838	0.080
0.048	0.095	0.820	0.037
0.821	0.048	0.067	0.064
0.213	0.658	0.039	0.090
0.849	0.033	0.053	0.065
0.817	0.044	0.106	0.033
0.017	0.731	0.193	0.059
0.031	0.873	0.040	0.056
0.859	0.053	0.071	0.017
0.087	0.743	0.049	0.121
>TASDYCGTAY	61-TASDYCGTAY	6.612173	-41.332304	0	T:25.0(0.15%),B:4.3(0.01%),P:1e-17	Tpos:45.2,Tstd:20.0,Bpos:33.1,Bstd:9.2,StrandBias:-1.1,Multiplicity:1.00
0.048	0.078	0.345	0.529
0.473	0.280	0.244	0.003
0.001	0.539	0.449	0.011
0.368	0.148	0.223	0.262
0.010	0.424	0.063	0.503
0.107	0.500	0.093	0.300
0.357	0.003	0.597	0.043
0.046	0.298	0.047	0.609
0.546	0.111	0.337	0.006
0.213	0.464	0.001	0.323
>GTCTGCCGAT	62-GTCTGCCGAT	11.213216	-39.856463	0	T:22.0(0.13%),B:3.7(0.01%),P:1e-17	Tpos:40.6,Tstd:9.7,Bpos:42.5,Bstd:12.9,StrandBias:1.9,Multiplicity:1.00
0.001	0.001	0.997	0.001
0.001	0.018	0.001	0.980
0.001	0.912	0.086	0.001
0.018	0.018	0.001	0.963
0.018	0.018	0.963	0.001
0.001	0.980	0.018	0.001
0.001	0.997	0.001	0.001
0.018	0.001	0.980	0.001
0.950	0.001	0.048	0.001
0.001	0.001	0.001	0.997
>GCGAGCCTCC	63-GCGAGCCTCC	10.831839	-39.856463	0	T:22.0(0.13%),B:3.8(0.01%),P:1e-17	Tpos:38.0,Tstd:20.1,Bpos:42.2,Bstd:15.0,StrandBias:0.1,Multiplicity:1.00
0.001	0.001	0.997	0.001
0.001	0.997	0.001	0.001
0.001	0.001	0.803	0.195
0.997	0.001	0.001	0.001
0.001	0.001	0.997	0.001
0.001	0.719	0.001	0.279
0.001	0.529	0.250	0.220
0.001	0.001	0.001	0.997
0.001	0.997	0.001	0.001
0.001	0.997	0.001	0.001
>GTCAACTCGG	64-GTCAACTCGG	9.923879	-39.297627	0	T:19.0(0.11%),B:2.8(0.01%),P:1e-17	Tpos:23.6,Tstd:16.9,Bpos:45.6,Bstd:0.6,StrandBias:1.9,Multiplicity:1.00
0.001	0.001	0.997	0.001
0.001	0.001	0.001	0.997
0.001	0.997	0.001	0.001
0.997	0.001	0.001	0.001
0.997	0.001	0.001	0.001
0.001	0.997	0.001	0.001
0.001	0.001	0.001	0.997
0.020	0.978	0.001	0.001
0.001	0.001	0.997	0.001
0.001	0.001	0.997	0.001
>CAACACACTG	65-CAACACACTG	11.482024	-38.648506	0	T:28.0(0.17%),B:6.8(0.02%),P:1e-16	Tpos:42.3,Tstd:14.4,Bpos:38.1,Bstd:17.9,StrandBias:0.5,Multiplicity:1.00
0.001	0.997	0.001	0.001
0.652	0.095	0.001	0.252
0.997	0.001	0.001	0.001
0.001	0.997	0.001	0.001
0.997	0.001	0.001	0.001
0.001	0.997	0.001	0.001
0.997	0.001	0.001	0.001
0.001	0.997	0.001	0.001
0.001	0.001	0.001	0.997
0.001	0.001	0.997	0.001
>GGGTGTGTCG	66-GGGTGTGTCG	10.629135	-38.551143	0	T:26.0(0.15%),B:5.4(0.02%),P:1e-16	Tpos:26.5,Tstd:21.8,Bpos:30.5,Bstd:17.3,StrandBias:0.8,Multiplicity:1.00
0.001	0.001	0.997	0.001
0.210	0.001	0.788	0.001
0.001	0.001	0.997	0.001
0.001	0.001	0.001	0.997
0.001	0.001	0.997	0.001
0.001	0.001	0.001	0.997
0.001	0.001	0.997	0.001
0.001	0.001	0.102	0.896
0.001	0.941	0.057	0.001
0.001	0.001	0.997	0.001
>AGTGAATCTT	67-AGTGAATCTT	10.275661	-37.965021	0	T:15.0(0.09%),B:1.3(0.00%),P:1e-16	Tpos:29.9,Tstd:19.0,Bpos:27.4,Bstd:19.3,StrandBias:1.9,Multiplicity:1.00
0.731	0.109	0.085	0.075
0.059	0.098	0.742	0.101
0.083	0.080	0.119	0.718
0.074	0.121	0.710	0.095
0.720	0.086	0.091	0.103
0.590	0.126	0.170	0.114
0.126	0.105	0.121	0.648
0.094	0.700	0.131	0.075
0.084	0.082	0.134	0.700
0.079	0.093	0.086	0.742
>CTAAGGAAAA	68-CTAAGGAAAA	11.292044	-37.965021	0	T:15.0(0.09%),B:2.0(0.01%),P:1e-16	Tpos:39.7,Tstd:11.2,Bpos:35.7,Bstd:16.4,StrandBias:-3.8,Multiplicity:1.00
0.001	0.997	0.001	0.001
0.001	0.001	0.001	0.997
0.997	0.001	0.001	0.001
0.997	0.001	0.001	0.001
0.001	0.001	0.997	0.001
0.001	0.001	0.997	0.001
0.997	0.001	0.001	0.001
0.917	0.081	0.001	0.001
0.997	0.001	0.001	0.001
0.967	0.031	0.001	0.001
>CCAGGTAGCG	69-CCAGGTAGCG	10.296193	-37.221882	0	T:21.0(0.12%),B:3.0(0.01%),P:1e-16	Tpos:26.6,Tstd:12.1,Bpos:45.1,Bstd:7.3,StrandBias:3.2,Multiplicity:1.00
0.100	0.700	0.100	0.100
0.100	0.700	0.100	0.100
0.700	0.100	0.100	0.100
0.100	0.100	0.700	0.100
0.100	0.100	0.700	0.100
0.100	0.100	0.100	0.700
0.700	0.100	0.100	0.100
0.100	0.100	0.700	0.100
0.100	0.700	0.100	0.100
0.100	0.100	0.700	0.100
>ATCGCTTCTC	70-ATCGCTTCTC	9.955598	-37.221882	0	T:21.0(0.12%),B:3.6(0.01%),P:1e-16	Tpos:41.3,Tstd:17.0,Bpos:46.3,Bstd:11.1,StrandBias:0.9,Multiplicity:1.05
0.812	0.186	0.001	0.001
0.001	0.026	0.001	0.972
0.001	0.997	0.001	0.001
0.026	0.001	0.972	0.001
0.001	0.997	0.001	0.001
0.001	0.001	0.001	0.997
0.001	0.001	0.001	0.997
0.001	0.997	0.001	0.001
0.001	0.001	0.001	0.997
0.001	0.997	0.001	0.001
>CTCGTCCWCT	71-CTCGTCCWCT	10.925889	-36.904882	0	T:29.0(0.17%),B:7.2(0.02%),P:1e-16	Tpos:29.3,Tstd:15.8,Bpos:29.1,Bstd:13.7,StrandBias:1.1,Multiplicity:1.00
0.217	0.626	0.156	0.001
0.262	0.267	0.028	0.443
0.027	0.818	0.154	0.001
0.001	0.001	0.997	0.001
0.035	0.055	0.030	0.880
0.003	0.981	0.008	0.008
0.001	0.991	0.007	0.001
0.416	0.001	0.099	0.485
0.001	0.990	0.002	0.007
0.007	0.001	0.027	0.965
>ACATCAAGCG	72-ACATCAAGCG	10.296193	-36.404753	0	T:18.0(0.11%),B:2.3(0.01%),P:1e-15	Tpos:29.3,Tstd:13.3,Bpos:27.5,Bstd:4.2,StrandBias:3.0,Multiplicity:1.00
0.700	0.100	0.100	0.100
0.100	0.700	0.100	0.100
0.700	0.100	0.100	0.100
0.100	0.100	0.100	0.700
0.100	0.700	0.100	0.100
0.700	0.100	0.100	0.100
0.700	0.100	0.100	0.100
0.100	0.100	0.700	0.100
0.100	0.700	0.100	0.100
0.100	0.100	0.700	0.100
>ACTTGATAGG	73-ACTTGATAGG	11.359008	-36.404753	0	T:18.0(0.11%),B:2.5(0.01%),P:1e-15	Tpos:13.7,Tstd:13.2,Bpos:41.7,Bstd:13.8,StrandBias:-3.0,Multiplicity:1.00
0.803	0.195	0.001	0.001
0.001	0.997	0.001	0.001
0.001	0.001	0.001	0.997
0.195	0.195	0.001	0.609
0.001	0.001	0.997	0.001
0.803	0.001	0.195	0.001
0.001	0.001	0.001	0.997
0.786	0.001	0.001	0.212
0.001	0.001	0.997	0.001
0.001	0.001	0.997	0.001
>AGGGAGACTT	74-AGGGAGACTT	9.991031	-34.633553	0	T:20.0(0.12%),B:3.8(0.01%),P:1e-15	Tpos:33.2,Tstd:15.2,Bpos:51.7,Bstd:4.1,StrandBias:3.2,Multiplicity:1.00
0.997	0.001	0.001	0.001
0.001	0.001	0.997	0.001
0.001	0.001	0.997	0.001
0.001	0.001	0.997	0.001
0.997	0.001	0.001	0.001
0.001	0.001	0.973	0.025
0.997	0.001	0.001	0.001
0.026	0.853	0.001	0.120
0.001	0.001	0.001	0.997
0.001	0.001	0.001	0.997
>CCRAGACGCA	75-CCRAGACGCA	11.562876	-34.316885	0	T:26.0(0.15%),B:6.3(0.02%),P:1e-14	Tpos:54.5,Tstd:15.0,Bpos:45.0,Bstd:17.5,StrandBias:4.6,Multiplicity:1.00
0.001	0.997	0.001	0.001
0.001	0.997	0.001	0.001
0.426	0.103	0.471	0.001
0.997	0.001	0.001	0.001
0.001	0.001	0.997	0.001
0.997	0.001	0.001	0.001
0.001	0.997	0.001	0.001
0.001	0.001	0.997	0.001
0.001	0.997	0.001	0.001
0.997	0.001	0.001	0.001
>ACGTACGAGA	76-ACGTACGAGA	9.063778	-34.030587	0	T:22.0(0.13%),B:4.4(0.01%),P:1e-14	Tpos:36.3,Tstd:10.8,Bpos:41.9,Bstd:8.3,StrandBias:1.5,Multiplicity:1.36
0.997	0.001	0.001	0.001
0.337	0.649	0.013	0.001
0.001	0.001	0.997	0.001
0.001	0.013	0.001	0.985
0.997	0.001	0.001	0.001
0.001	0.997	0.001	0.001
0.001	0.001	0.997	0.001
0.997	0.001	0.001	0.001
0.001	0.001	0.997	0.001
0.997	0.001	0.001	0.001
>CACCRCAGAC	77-CACCRCAGAC	11.406925	-34.006528	0	T:24.0(0.14%),B:6.0(0.02%),P:1e-14	Tpos:37.5,Tstd:15.9,Bpos:56.0,Bstd:8.7,StrandBias:-2.6,Multiplicity:1.00
0.001	0.997	0.001	0.001
0.997	0.001	0.001	0.001
0.001	0.997	0.001	0.001
0.001	0.766	0.217	0.016
0.527	0.001	0.471	0.001
0.001	0.766	0.217	0.016
0.997	0.001	0.001	0.001
0.001	0.001	0.997	0.001
0.997	0.001	0.001	0.001
0.001	0.997	0.001	0.001
>TTCAACGTTC	78-TTCAACGTTC	11.756039	-34.006528	0	T:24.0(0.14%),B:5.5(0.02%),P:1e-14	Tpos:46.9,Tstd:15.1,Bpos:39.9,Bstd:8.9,StrandBias:2.1,Multiplicity:1.00
0.001	0.001	0.001	0.997
0.001	0.001	0.001	0.997
0.001	0.970	0.001	0.028
0.970	0.001	0.001	0.028
0.997	0.001	0.001	0.001
0.001	0.997	0.001	0.001
0.001	0.001	0.997	0.001
0.001	0.001	0.001	0.997
0.001	0.001	0.001	0.997
0.001	0.866	0.132	0.001
>CTCATGCTCT	79-CTCATGCTCT	7.385146	-33.565673	0	T:17.0(0.10%),B:2.8(0.01%),P:1e-14	Tpos:31.2,Tstd:7.6,Bpos:36.3,Bstd:7.4,StrandBias:2.9,Multiplicity:1.00
0.112	0.643	0.134	0.111
0.140	0.140	0.151	0.569
0.147	0.576	0.137	0.140
0.624	0.116	0.112	0.148
0.131	0.137	0.143	0.589
0.148	0.116	0.593	0.143
0.108	0.622	0.147	0.123
0.135	0.147	0.138	0.580
0.135	0.593	0.125	0.147
0.128	0.122	0.137	0.613
>GGATCTCCGA	80-GGATCTCCGA	11.640324	-33.565673	0	T:17.0(0.10%),B:2.6(0.01%),P:1e-14	Tpos:51.9,Tstd:20.9,Bpos:45.4,Bstd:12.0,StrandBias:2.9,Multiplicity:1.00
0.053	0.053	0.893	0.001
0.242	0.001	0.756	0.001
0.997	0.001	0.001	0.001
0.053	0.001	0.053	0.893
0.001	0.756	0.242	0.001
0.001	0.001	0.001	0.997
0.001	0.997	0.001	0.001
0.001	0.994	0.004	0.001
0.001	0.242	0.756	0.001
0.997	0.001	0.001	0.001
>AAAGTAATGG	81-AAAGTAATGG	10.992973	-31.682508	0	T:21.0(0.12%),B:5.0(0.02%),P:1e-13	Tpos:43.5,Tstd:16.2,Bpos:28.1,Bstd:9.1,StrandBias:3.2,Multiplicity:1.00
0.997	0.001	0.001	0.001
0.997	0.001	0.001	0.001
0.997	0.001	0.001	0.001
0.001	0.001	0.997	0.001
0.001	0.118	0.001	0.880
0.997	0.001	0.001	0.001
0.932	0.066	0.001	0.001
0.001	0.001	0.001	0.997
0.001	0.001	0.997	0.001
0.001	0.001	0.997	0.001
>TAGCTTTTTG	82-TAGCTTTTTG	13.803379	-31.336192	0	T:13.0(0.08%),B:1.8(0.01%),P:1e-13	Tpos:17.2,Tstd:9.4,Bpos:44.8,Bstd:6.6,StrandBias:2.5,Multiplicity:1.00
0.001	0.001	0.001	0.997
0.997	0.001	0.001	0.001
0.001	0.001	0.997	0.001
0.001	0.997	0.001	0.001
0.001	0.001	0.001	0.997
0.001	0.001	0.001	0.997
0.001	0.001	0.001	0.997
0.001	0.001	0.001	0.997
0.001	0.030	0.001	0.968
0.001	0.001	0.997	0.001
>TGTTACAAGG	83-TGTTACAAGG	13.378795	-31.336192	0	T:13.0(0.08%),B:0.5(0.00%),P:1e-13	Tpos:37.9,Tstd:14.5,Bpos:32.0,Bstd:0.0,StrandBias:-2.3,Multiplicity:1.00
0.001	0.001	0.001	0.997
0.050	0.001	0.899	0.050
0.019	0.001	0.019	0.961
0.020	0.020	0.020	0.940
0.889	0.001	0.083	0.027
0.001	0.997	0.001	0.001
0.997	0.001	0.001	0.001
0.979	0.001	0.001	0.019
0.019	0.001	0.928	0.052
0.050	0.001	0.948	0.001
>CGCATGTTTA	84-CGCATGTTTA	10.296193	-31.336192	0	T:13.0(0.08%),B:0.5(0.00%),P:1e-13	Tpos:13.3,Tstd:2.5,Bpos:37.0,Bstd:0.0,StrandBias:-2.3,Multiplicity:1.00
0.100	0.700	0.100	0.100
0.100	0.100	0.700	0.100
0.100	0.700	0.100	0.100
0.700	0.100	0.100	0.100
0.100	0.100	0.100	0.700
0.100	0.100	0.700	0.100
0.100	0.100	0.100	0.700
0.100	0.100	0.100	0.700
0.100	0.100	0.100	0.700
0.700	0.100	0.100	0.100
>GCCACTCTCA	85-GCCACTCTCA	11.338508	-29.624006	0	T:22.0(0.13%),B:5.2(0.02%),P:1e-12	Tpos:43.4,Tstd:22.6,Bpos:30.8,Bstd:11.2,StrandBias:-0.8,Multiplicity:1.00
0.001	0.152	0.846	0.001
0.001	0.997	0.001	0.001
0.101	0.897	0.001	0.001
0.997	0.001	0.001	0.001
0.001	0.997	0.001	0.001
0.001	0.001	0.021	0.977
0.001	0.997	0.001	0.001
0.001	0.001	0.001	0.997
0.001	0.977	0.001	0.021
0.997	0.001	0.001	0.001
>CCGCTCCTTC	86-CCGCTCCTTC	11.764429	-29.604752	0	T:18.0(0.11%),B:3.5(0.01%),P:1e-12	Tpos:21.8,Tstd:18.4,Bpos:32.1,Bstd:11.4,StrandBias:2.2,Multiplicity:1.00
0.001	0.997	0.001	0.001
0.001	0.997	0.001	0.001
0.126	0.001	0.872	0.001
0.001	0.997	0.001	0.001
0.001	0.001	0.001	0.997
0.001	0.997	0.001	0.001
0.001	0.997	0.001	0.001
0.001	0.001	0.001	0.997
0.001	0.001	0.001	0.997
0.001	0.997	0.001	0.001
>AAATGATGTC	87-AAATGATGTC	12.180420	-28.857525	0	T:25.0(0.15%),B:8.0(0.02%),P:1e-12	Tpos:25.1,Tstd:19.6,Bpos:37.5,Bstd:18.8,StrandBias:1.6,Multiplicity:1.00
0.997	0.001	0.001	0.001
0.997	0.001	0.001	0.001
0.807	0.001	0.001	0.191
0.001	0.001	0.001	0.997
0.001	0.001	0.997	0.001
0.997	0.001	0.001	0.001
0.001	0.001	0.001	0.997
0.001	0.001	0.997	0.001
0.001	0.001	0.001	0.997
0.001	0.997	0.001	0.001
>TAGAACAAAG	88-TAGAACAAAG	10.933728	-28.103957	0	T:23.0(0.14%),B:6.3(0.02%),P:1e-12	Tpos:36.0,Tstd:12.6,Bpos:47.9,Bstd:9.9,StrandBias:-0.9,Multiplicity:1.00
0.001	0.001	0.001	0.997
0.997	0.001	0.001	0.001
0.001	0.001	0.997	0.001
0.997	0.001	0.001	0.001
0.997	0.001	0.001	0.001
0.001	0.997	0.001	0.001
0.931	0.001	0.067	0.001
0.997	0.001	0.001	0.001
0.997	0.001	0.001	0.001
0.001	0.001	0.817	0.181
>CGCTATTGAT	89-CGCTATTGAT	10.296193	-28.061387	0	T:15.0(0.09%),B:2.2(0.01%),P:1e-12	Tpos:36.5,Tstd:9.3,Bpos:35.1,Bstd:4.4,StrandBias:-2.7,Multiplicity:1.00
0.100	0.700	0.100	0.100
0.100	0.100	0.700	0.100
0.100	0.700	0.100	0.100
0.100	0.100	0.100	0.700
0.700	0.100	0.100	0.100
0.100	0.100	0.100	0.700
0.100	0.100	0.100	0.700
0.100	0.100	0.700	0.100
0.700	0.100	0.100	0.100
0.100	0.100	0.100	0.700
>TTTTCCCGAC	90-TTTTCCCGAC	10.296193	-27.126937	0	T:19.0(0.11%),B:4.9(0.02%),P:1e-11	Tpos:53.7,Tstd:12.9,Bpos:35.6,Bstd:12.6,StrandBias:2.4,Multiplicity:1.00
0.100	0.100	0.100	0.700
0.100	0.100	0.100	0.700
0.100	0.100	0.100	0.700
0.100	0.100	0.100	0.700
0.100	0.700	0.100	0.100
0.100	0.700	0.100	0.100
0.100	0.700	0.100	0.100
0.100	0.100	0.700	0.100
0.700	0.100	0.100	0.100
0.100	0.700	0.100	0.100
>ACCAWARTGT	91-ACCAWARTGT	12.396585	-26.114935	0	T:22.0(0.13%),B:6.9(0.02%),P:1e-11	Tpos:44.7,Tstd:16.4,Bpos:23.6,Bstd:17.2,StrandBias:1.8,Multiplicity:1.00
0.997	0.001	0.001	0.001
0.001	0.997	0.001	0.001
0.001	0.997	0.001	0.001
0.997	0.001	0.001	0.001
0.527	0.001	0.001	0.471
0.997	0.001	0.001	0.001
0.454	0.001	0.544	0.001
0.001	0.001	0.001	0.997
0.001	0.013	0.985	0.001
0.001	0.001	0.001	0.997
>TCTACTGTTT	92-TCTACTGTTT	10.879390	-26.023513	0	T:25.0(0.15%),B:8.7(0.03%),P:1e-11	Tpos:23.6,Tstd:11.0,Bpos:30.5,Bstd:4.6,StrandBias:1.6,Multiplicity:1.00
0.001	0.001	0.001	0.997
0.001	0.997	0.001	0.001
0.001	0.001	0.001	0.997
0.997	0.001	0.001	0.001
0.001	0.997	0.001	0.001
0.001	0.001	0.001	0.997
0.001	0.001	0.997	0.001
0.001	0.001	0.001	0.997
0.001	0.001	0.001	0.997
0.001	0.001	0.052	0.946
>GATACCAAAC	93-GATACCAAAC	10.424654	-25.403390	0	T:14.0(0.08%),B:3.0(0.01%),P:1e-11	Tpos:32.0,Tstd:14.8,Bpos:56.1,Bstd:4.7,StrandBias:3.7,Multiplicity:1.00
0.001	0.001	0.997	0.001
0.997	0.001	0.001	0.001
0.001	0.001	0.001	0.997
0.997	0.001	0.001	0.001
0.001	0.997	0.001	0.001
0.001	0.997	0.001	0.001
0.965	0.001	0.033	0.001
0.997	0.001	0.001	0.001
0.997	0.001	0.001	0.001
0.001	0.997	0.001	0.001
>TGGCTATTGC	94-TGGCTATTGC	10.296193	-22.813762	0	T:13.0(0.08%),B:3.0(0.01%),P:1e-9	Tpos:31.8,Tstd:19.8,Bpos:27.8,Bstd:8.9,StrandBias:0.6,Multiplicity:1.25
0.100	0.100	0.100	0.700
0.100	0.100	0.700	0.100
0.100	0.100	0.700	0.100
0.100	0.700	0.100	0.100
0.100	0.100	0.100	0.700
0.700	0.100	0.100	0.100
0.100	0.100	0.100	0.700
0.100	0.100	0.100	0.700
0.100	0.100	0.700	0.100
0.100	0.700	0.100	0.100
>TCTCAGATTT	95-TCTCAGATTT	10.296193	-22.813762	0	T:13.0(0.08%),B:2.6(0.01%),P:1e-9	Tpos:47.3,Tstd:19.7,Bpos:20.0,Bstd:6.7,StrandBias:3.6,Multiplicity:1.00
0.100	0.100	0.100	0.700
0.100	0.700	0.100	0.100
0.100	0.100	0.100	0.700
0.100	0.700	0.100	0.100
0.700	0.100	0.100	0.100
0.100	0.100	0.700	0.100
0.700	0.100	0.100	0.100
0.100	0.100	0.100	0.700
0.100	0.100	0.100	0.700
0.100	0.100	0.100	0.700
>ATATTTATAG	96-ATATTTATAG	10.296193	-22.471931	0	T:15.0(0.09%),B:4.0(0.01%),P:1e-9	Tpos:23.5,Tstd:8.4,Bpos:36.9,Bstd:13.7,StrandBias:-1.5,Multiplicity:1.00
0.700	0.100	0.100	0.100
0.100	0.100	0.100	0.700
0.700	0.100	0.100	0.100
0.100	0.100	0.100	0.700
0.100	0.100	0.100	0.700
0.100	0.100	0.100	0.700
0.700	0.100	0.100	0.100
0.100	0.100	0.100	0.700
0.700	0.100	0.100	0.100
0.100	0.100	0.700	0.100
>CGACTTATGT	97-CGACTTATGT	7.230515	-17.603917	0	T:16.0(0.09%),B:5.6(0.02%),P:1e-7	Tpos:36.9,Tstd:16.0,Bpos:29.5,Bstd:11.2,StrandBias:-1.9,Multiplicity:1.50
0.001	0.997	0.001	0.001
0.001	0.001	0.997	0.001
0.927	0.071	0.001	0.001
0.001	0.997	0.001	0.001
0.001	0.001	0.001	0.997
0.001	0.001	0.001	0.997
0.997	0.001	0.001	0.001
0.001	0.019	0.001	0.979
0.001	0.001	0.997	0.001
0.001	0.001	0.001	0.997
>TGACTGTGCA	98-TGACTGTGCA	10.296193	-17.603917	0	T:16.0(0.09%),B:5.8(0.02%),P:1e-7	Tpos:27.9,Tstd:17.2,Bpos:24.0,Bstd:10.1,StrandBias:-1.0,Multiplicity:1.00
0.100	0.100	0.100	0.700
0.100	0.100	0.700	0.100
0.700	0.100	0.100	0.100
0.100	0.700	0.100	0.100
0.100	0.100	0.100	0.700
0.100	0.100	0.700	0.100
0.100	0.100	0.100	0.700
0.100	0.100	0.700	0.100
0.100	0.700	0.100	0.100
0.700	0.100	0.100	0.100
>NCCAATAGAN	99-NCCAATAGAN	6.629111	-14.775620	0	T:13.0(0.08%),B:4.5(0.01%),P:1e-6	Tpos:32.2,Tstd:8.6,Bpos:30.3,Bstd:15.9,StrandBias:10.0,Multiplicity:1.00
0.231	0.233	0.229	0.307
0.163	0.604	0.122	0.111
0.137	0.559	0.149	0.155
0.560	0.147	0.152	0.141
0.510	0.172	0.164	0.154
0.145	0.161	0.153	0.541
0.559	0.152	0.148	0.141
0.145	0.167	0.544	0.144
0.535	0.163	0.130	0.172
0.168	0.277	0.274	0.281
>TTTGTTGCCA	100-TTTGTTGCCA	10.296193	-14.429108	0	T:18.0(0.11%),B:8.0(0.03%),P:1e-6	Tpos:25.6,Tstd:15.9,Bpos:31.0,Bstd:6.4,StrandBias:0.7,Multiplicity:1.00
0.100	0.100	0.100	0.700
0.100	0.100	0.100	0.700
0.100	0.100	0.100	0.700
0.100	0.100	0.700	0.100
0.100	0.100	0.100	0.700
0.100	0.100	0.100	0.700
0.100	0.100	0.700	0.100
0.100	0.700	0.100	0.100
0.100	0.700	0.100	0.100
0.700	0.100	0.100	0.100
