Now running MotifSetReduce.pl with arguments -m motif_group6.txt -l 5 -t 0.09 -c 0.5 ...


Determining pairwise distances for motif set:

Motif1: motif_10_3 (12 positions)
0.048 0.168 0.024 0.76
0.001 0.008 0.951 0.04
0.143 0.001 0.855 0.001
0.001 0.997 0.001 0.001
0.997 0.001 0.001 0.001
0.792 0.056 0.04 0.112
0.001 0.806 0.001 0.192
0.145 0.096 0.691 0.068
0.024 0.47 0.065 0.441
0.1 0.225 0.04 0.635
0.001 0.056 0.832 0.111
0.145 0.382 0.08 0.393

	Motif2: motif_Train1_3 (12 positions)
	0.063 0.174 0.014 0.749
	0.019 0.001 0.807 0.173
	0.135 0.001 0.828 0.036
	0.004 0.981 0.014 0.001
	0.997 0.001 0.001 0.001
	0.778 0.053 0.072 0.097
	0.001 0.765 0.001 0.233
	0.191 0.097 0.572 0.14
	0.072 0.428 0.133 0.367
	0.123 0.217 0.044 0.616
	0.034 0.098 0.696 0.172
	0.17 0.43 0.123 0.276

Comparing motif motif_10_3 (12 positions) versus motif motif_Train1_3 (12 positions):
... distance motif_10_3 versus motif_Train1_3 is calculated as  0.011 at offsets 1/1

	Motif2: motif_Train2_3 (12 positions)
	0.018 0.061 0.024 0.897
	0.012 0.012 0.947 0.029
	0.059 0.001 0.928 0.012
	0.011 0.987 0.001 0.001
	0.987 0.001 0.011 0.001
	0.926 0.001 0.05 0.023
	0.011 0.831 0.001 0.157
	0.106 0.059 0.788 0.047
	0.035 0.27 0.031 0.664
	0.111 0.226 0.071 0.592
	0.047 0.047 0.835 0.071
	0.161 0.507 0.054 0.278

Comparing motif motif_10_3 (12 positions) versus motif motif_Train2_3 (12 positions):
... distance motif_10_3 versus motif_Train2_3 is calculated as  0.018 at offsets 1/1

	Motif2: motif_Train4_3 (12 positions)
	0.039 0.168 0.022 0.771
	0.017 0.017 0.848 0.118
	0.118 0.001 0.842 0.039
	0.027 0.971 0.001 0.001
	0.982 0.001 0.016 0.001
	0.82 0.045 0.056 0.079
	0.001 0.87 0.001 0.128
	0.264 0.123 0.517 0.096
	0.078 0.382 0.185 0.354
	0.157 0.275 0.051 0.517
	0.051 0.107 0.645 0.197
	0.225 0.309 0.151 0.315

Comparing motif motif_10_3 (12 positions) versus motif motif_Train4_3 (12 positions):
... distance motif_10_3 versus motif_Train4_3 is calculated as  0.017 at offsets 1/1

	Motif2: motif_Train5_3 (12 positions)
	0.041 0.136 0.027 0.796
	0.006 0.001 0.898 0.095
	0.157 0.001 0.822 0.02
	0.001 0.997 0.001 0.001
	0.979 0.001 0.019 0.001
	0.836 0.014 0.075 0.075
	0.013 0.816 0.001 0.17
	0.28 0.116 0.547 0.057
	0.102 0.398 0.103 0.398
	0.123 0.294 0.05 0.533
	0.055 0.048 0.719 0.178
	0.226 0.364 0.116 0.294

Comparing motif motif_10_3 (12 positions) versus motif motif_Train5_3 (12 positions):
... distance motif_10_3 versus motif_Train5_3 is calculated as  0.010 at offsets 1/1

	Motif2: motif_Train6_3 (12 positions)
	0.052 0.149 0.021 0.778
	0.01 0.001 0.87 0.119
	0.132 0.001 0.797 0.07
	0.004 0.994 0.001 0.001
	0.968 0.001 0.03 0.001
	0.844 0.01 0.067 0.079
	0.067 0.765 0.001 0.167
	0.187 0.107 0.589 0.117
	0.091 0.394 0.143 0.372
	0.133 0.232 0.047 0.588
	0.064 0.13 0.644 0.162
	0.197 0.357 0.123 0.323

Comparing motif motif_10_3 (12 positions) versus motif motif_Train6_3 (12 positions):
... distance motif_10_3 versus motif_Train6_3 is calculated as  0.011 at offsets 1/1

	Motif2: motif_Train7_3 (12 positions)
	0.066 0.251 0.014 0.669
	0.001 0.007 0.892 0.1
	0.129 0.001 0.849 0.021
	0.001 0.997 0.001 0.001
	0.997 0.001 0.001 0.001
	0.791 0.061 0.059 0.089
	0.001 0.781 0.001 0.217
	0.229 0.143 0.52 0.108
	0.072 0.377 0.136 0.416
	0.186 0.273 0.1 0.441
	0.043 0.107 0.578 0.272
	0.215 0.309 0.108 0.368

Comparing motif motif_10_3 (12 positions) versus motif motif_Train7_3 (12 positions):
... distance motif_10_3 versus motif_Train7_3 is calculated as  0.020 at offsets 1/1

	Motif2: motif_Train8_3 (12 positions)
	0.043 0.172 0.014 0.771
	0.014 0.014 0.85 0.122
	0.093 0.001 0.878 0.028
	0.028 0.964 0.007 0.001
	0.95 0.001 0.035 0.014
	0.859 0.036 0.054 0.051
	0.022 0.815 0.007 0.156
	0.187 0.062 0.586 0.165
	0.014 0.486 0.124 0.376
	0.083 0.256 0.065 0.596
	0.022 0.079 0.789 0.11
	0.121 0.421 0.069 0.389

Comparing motif motif_10_3 (12 positions) versus motif motif_Train8_3 (12 positions):
... distance motif_10_3 versus motif_Train8_3 is calculated as  0.006 at offsets 1/1

	Motif2: motif_Train9_3 (12 positions)
	0.034 0.234 0.021 0.711
	0.013 0.001 0.917 0.069
	0.145 0.001 0.806 0.048
	0.001 0.997 0.001 0.001
	0.997 0.001 0.001 0.001
	0.813 0.001 0.062 0.124
	0.001 0.805 0.001 0.193
	0.242 0.152 0.474 0.133
	0.104 0.382 0.145 0.369
	0.186 0.279 0.057 0.478
	0.058 0.048 0.632 0.262
	0.19 0.327 0.179 0.304

Comparing motif motif_10_3 (12 positions) versus motif motif_Train9_3 (12 positions):
... distance motif_10_3 versus motif_Train9_3 is calculated as  0.019 at offsets 1/1

Motif1: motif_Train1_3 (12 positions)
0.063 0.174 0.014 0.749
0.019 0.001 0.807 0.173
0.135 0.001 0.828 0.036
0.004 0.981 0.014 0.001
0.997 0.001 0.001 0.001
0.778 0.053 0.072 0.097
0.001 0.765 0.001 0.233
0.191 0.097 0.572 0.14
0.072 0.428 0.133 0.367
0.123 0.217 0.044 0.616
0.034 0.098 0.696 0.172
0.17 0.43 0.123 0.276

	Motif2: motif_Train2_3 (12 positions)
	0.018 0.061 0.024 0.897
	0.012 0.012 0.947 0.029
	0.059 0.001 0.928 0.012
	0.011 0.987 0.001 0.001
	0.987 0.001 0.011 0.001
	0.926 0.001 0.05 0.023
	0.011 0.831 0.001 0.157
	0.106 0.059 0.788 0.047
	0.035 0.27 0.031 0.664
	0.111 0.226 0.071 0.592
	0.047 0.047 0.835 0.071
	0.161 0.507 0.054 0.278

Comparing motif motif_Train1_3 (12 positions) versus motif motif_Train2_3 (12 positions):
... distance motif_Train1_3 versus motif_Train2_3 is calculated as  0.031 at offsets 1/1

	Motif2: motif_Train4_3 (12 positions)
	0.039 0.168 0.022 0.771
	0.017 0.017 0.848 0.118
	0.118 0.001 0.842 0.039
	0.027 0.971 0.001 0.001
	0.982 0.001 0.016 0.001
	0.82 0.045 0.056 0.079
	0.001 0.87 0.001 0.128
	0.264 0.123 0.517 0.096
	0.078 0.382 0.185 0.354
	0.157 0.275 0.051 0.517
	0.051 0.107 0.645 0.197
	0.225 0.309 0.151 0.315

Comparing motif motif_Train1_3 (12 positions) versus motif motif_Train4_3 (12 positions):
... distance motif_Train1_3 versus motif_Train4_3 is calculated as  0.007 at offsets 1/1

	Motif2: motif_Train5_3 (12 positions)
	0.041 0.136 0.027 0.796
	0.006 0.001 0.898 0.095
	0.157 0.001 0.822 0.02
	0.001 0.997 0.001 0.001
	0.979 0.001 0.019 0.001
	0.836 0.014 0.075 0.075
	0.013 0.816 0.001 0.17
	0.28 0.116 0.547 0.057
	0.102 0.398 0.103 0.398
	0.123 0.294 0.05 0.533
	0.055 0.048 0.719 0.178
	0.226 0.364 0.116 0.294

Comparing motif motif_Train1_3 (12 positions) versus motif motif_Train5_3 (12 positions):
... distance motif_Train1_3 versus motif_Train5_3 is calculated as  0.006 at offsets 1/1

	Motif2: motif_Train6_3 (12 positions)
	0.052 0.149 0.021 0.778
	0.01 0.001 0.87 0.119
	0.132 0.001 0.797 0.07
	0.004 0.994 0.001 0.001
	0.968 0.001 0.03 0.001
	0.844 0.01 0.067 0.079
	0.067 0.765 0.001 0.167
	0.187 0.107 0.589 0.117
	0.091 0.394 0.143 0.372
	0.133 0.232 0.047 0.588
	0.064 0.13 0.644 0.162
	0.197 0.357 0.123 0.323

Comparing motif motif_Train1_3 (12 positions) versus motif motif_Train6_3 (12 positions):
... distance motif_Train1_3 versus motif_Train6_3 is calculated as  0.004 at offsets 1/1

	Motif2: motif_Train7_3 (12 positions)
	0.066 0.251 0.014 0.669
	0.001 0.007 0.892 0.1
	0.129 0.001 0.849 0.021
	0.001 0.997 0.001 0.001
	0.997 0.001 0.001 0.001
	0.791 0.061 0.059 0.089
	0.001 0.781 0.001 0.217
	0.229 0.143 0.52 0.108
	0.072 0.377 0.136 0.416
	0.186 0.273 0.1 0.441
	0.043 0.107 0.578 0.272
	0.215 0.309 0.108 0.368

Comparing motif motif_Train1_3 (12 positions) versus motif motif_Train7_3 (12 positions):
... distance motif_Train1_3 versus motif_Train7_3 is calculated as  0.011 at offsets 1/1

	Motif2: motif_Train8_3 (12 positions)
	0.043 0.172 0.014 0.771
	0.014 0.014 0.85 0.122
	0.093 0.001 0.878 0.028
	0.028 0.964 0.007 0.001
	0.95 0.001 0.035 0.014
	0.859 0.036 0.054 0.051
	0.022 0.815 0.007 0.156
	0.187 0.062 0.586 0.165
	0.014 0.486 0.124 0.376
	0.083 0.256 0.065 0.596
	0.022 0.079 0.789 0.11
	0.121 0.421 0.069 0.389

Comparing motif motif_Train1_3 (12 positions) versus motif motif_Train8_3 (12 positions):
... distance motif_Train1_3 versus motif_Train8_3 is calculated as  0.006 at offsets 1/1

	Motif2: motif_Train9_3 (12 positions)
	0.034 0.234 0.021 0.711
	0.013 0.001 0.917 0.069
	0.145 0.001 0.806 0.048
	0.001 0.997 0.001 0.001
	0.997 0.001 0.001 0.001
	0.813 0.001 0.062 0.124
	0.001 0.805 0.001 0.193
	0.242 0.152 0.474 0.133
	0.104 0.382 0.145 0.369
	0.186 0.279 0.057 0.478
	0.058 0.048 0.632 0.262
	0.19 0.327 0.179 0.304

Comparing motif motif_Train1_3 (12 positions) versus motif motif_Train9_3 (12 positions):
... distance motif_Train1_3 versus motif_Train9_3 is calculated as  0.009 at offsets 1/1

Motif1: motif_Train2_3 (12 positions)
0.018 0.061 0.024 0.897
0.012 0.012 0.947 0.029
0.059 0.001 0.928 0.012
0.011 0.987 0.001 0.001
0.987 0.001 0.011 0.001
0.926 0.001 0.05 0.023
0.011 0.831 0.001 0.157
0.106 0.059 0.788 0.047
0.035 0.27 0.031 0.664
0.111 0.226 0.071 0.592
0.047 0.047 0.835 0.071
0.161 0.507 0.054 0.278

	Motif2: motif_Train4_3 (12 positions)
	0.039 0.168 0.022 0.771
	0.017 0.017 0.848 0.118
	0.118 0.001 0.842 0.039
	0.027 0.971 0.001 0.001
	0.982 0.001 0.016 0.001
	0.82 0.045 0.056 0.079
	0.001 0.87 0.001 0.128
	0.264 0.123 0.517 0.096
	0.078 0.382 0.185 0.354
	0.157 0.275 0.051 0.517
	0.051 0.107 0.645 0.197
	0.225 0.309 0.151 0.315

Comparing motif motif_Train2_3 (12 positions) versus motif motif_Train4_3 (12 positions):
... distance motif_Train2_3 versus motif_Train4_3 is calculated as  0.036 at offsets 1/1

	Motif2: motif_Train5_3 (12 positions)
	0.041 0.136 0.027 0.796
	0.006 0.001 0.898 0.095
	0.157 0.001 0.822 0.02
	0.001 0.997 0.001 0.001
	0.979 0.001 0.019 0.001
	0.836 0.014 0.075 0.075
	0.013 0.816 0.001 0.17
	0.28 0.116 0.547 0.057
	0.102 0.398 0.103 0.398
	0.123 0.294 0.05 0.533
	0.055 0.048 0.719 0.178
	0.226 0.364 0.116 0.294

Comparing motif motif_Train2_3 (12 positions) versus motif motif_Train5_3 (12 positions):
... distance motif_Train2_3 versus motif_Train5_3 is calculated as  0.026 at offsets 1/1

	Motif2: motif_Train6_3 (12 positions)
	0.052 0.149 0.021 0.778
	0.01 0.001 0.87 0.119
	0.132 0.001 0.797 0.07
	0.004 0.994 0.001 0.001
	0.968 0.001 0.03 0.001
	0.844 0.01 0.067 0.079
	0.067 0.765 0.001 0.167
	0.187 0.107 0.589 0.117
	0.091 0.394 0.143 0.372
	0.133 0.232 0.047 0.588
	0.064 0.13 0.644 0.162
	0.197 0.357 0.123 0.323

Comparing motif motif_Train2_3 (12 positions) versus motif motif_Train6_3 (12 positions):
... distance motif_Train2_3 versus motif_Train6_3 is calculated as  0.028 at offsets 1/1

	Motif2: motif_Train7_3 (12 positions)
	0.066 0.251 0.014 0.669
	0.001 0.007 0.892 0.1
	0.129 0.001 0.849 0.021
	0.001 0.997 0.001 0.001
	0.997 0.001 0.001 0.001
	0.791 0.061 0.059 0.089
	0.001 0.781 0.001 0.217
	0.229 0.143 0.52 0.108
	0.072 0.377 0.136 0.416
	0.186 0.273 0.1 0.441
	0.043 0.107 0.578 0.272
	0.215 0.309 0.108 0.368

Comparing motif motif_Train2_3 (12 positions) versus motif motif_Train7_3 (12 positions):
... distance motif_Train2_3 versus motif_Train7_3 is calculated as  0.043 at offsets 1/1

	Motif2: motif_Train8_3 (12 positions)
	0.043 0.172 0.014 0.771
	0.014 0.014 0.85 0.122
	0.093 0.001 0.878 0.028
	0.028 0.964 0.007 0.001
	0.95 0.001 0.035 0.014
	0.859 0.036 0.054 0.051
	0.022 0.815 0.007 0.156
	0.187 0.062 0.586 0.165
	0.014 0.486 0.124 0.376
	0.083 0.256 0.065 0.596
	0.022 0.079 0.789 0.11
	0.121 0.421 0.069 0.389

Comparing motif motif_Train2_3 (12 positions) versus motif motif_Train8_3 (12 positions):
... distance motif_Train2_3 versus motif_Train8_3 is calculated as  0.024 at offsets 1/1

	Motif2: motif_Train9_3 (12 positions)
	0.034 0.234 0.021 0.711
	0.013 0.001 0.917 0.069
	0.145 0.001 0.806 0.048
	0.001 0.997 0.001 0.001
	0.997 0.001 0.001 0.001
	0.813 0.001 0.062 0.124
	0.001 0.805 0.001 0.193
	0.242 0.152 0.474 0.133
	0.104 0.382 0.145 0.369
	0.186 0.279 0.057 0.478
	0.058 0.048 0.632 0.262
	0.19 0.327 0.179 0.304

Comparing motif motif_Train2_3 (12 positions) versus motif motif_Train9_3 (12 positions):
... distance motif_Train2_3 versus motif_Train9_3 is calculated as  0.043 at offsets 1/1

Motif1: motif_Train4_3 (12 positions)
0.039 0.168 0.022 0.771
0.017 0.017 0.848 0.118
0.118 0.001 0.842 0.039
0.027 0.971 0.001 0.001
0.982 0.001 0.016 0.001
0.82 0.045 0.056 0.079
0.001 0.87 0.001 0.128
0.264 0.123 0.517 0.096
0.078 0.382 0.185 0.354
0.157 0.275 0.051 0.517
0.051 0.107 0.645 0.197
0.225 0.309 0.151 0.315

	Motif2: motif_Train5_3 (12 positions)
	0.041 0.136 0.027 0.796
	0.006 0.001 0.898 0.095
	0.157 0.001 0.822 0.02
	0.001 0.997 0.001 0.001
	0.979 0.001 0.019 0.001
	0.836 0.014 0.075 0.075
	0.013 0.816 0.001 0.17
	0.28 0.116 0.547 0.057
	0.102 0.398 0.103 0.398
	0.123 0.294 0.05 0.533
	0.055 0.048 0.719 0.178
	0.226 0.364 0.116 0.294

Comparing motif motif_Train4_3 (12 positions) versus motif motif_Train5_3 (12 positions):
... distance motif_Train4_3 versus motif_Train5_3 is calculated as  0.004 at offsets 1/1

	Motif2: motif_Train6_3 (12 positions)
	0.052 0.149 0.021 0.778
	0.01 0.001 0.87 0.119
	0.132 0.001 0.797 0.07
	0.004 0.994 0.001 0.001
	0.968 0.001 0.03 0.001
	0.844 0.01 0.067 0.079
	0.067 0.765 0.001 0.167
	0.187 0.107 0.589 0.117
	0.091 0.394 0.143 0.372
	0.133 0.232 0.047 0.588
	0.064 0.13 0.644 0.162
	0.197 0.357 0.123 0.323

Comparing motif motif_Train4_3 (12 positions) versus motif motif_Train6_3 (12 positions):
... distance motif_Train4_3 versus motif_Train6_3 is calculated as  0.004 at offsets 1/1

	Motif2: motif_Train7_3 (12 positions)
	0.066 0.251 0.014 0.669
	0.001 0.007 0.892 0.1
	0.129 0.001 0.849 0.021
	0.001 0.997 0.001 0.001
	0.997 0.001 0.001 0.001
	0.791 0.061 0.059 0.089
	0.001 0.781 0.001 0.217
	0.229 0.143 0.52 0.108
	0.072 0.377 0.136 0.416
	0.186 0.273 0.1 0.441
	0.043 0.107 0.578 0.272
	0.215 0.309 0.108 0.368

Comparing motif motif_Train4_3 (12 positions) versus motif motif_Train7_3 (12 positions):
... distance motif_Train4_3 versus motif_Train7_3 is calculated as  0.006 at offsets 1/1

	Motif2: motif_Train8_3 (12 positions)
	0.043 0.172 0.014 0.771
	0.014 0.014 0.85 0.122
	0.093 0.001 0.878 0.028
	0.028 0.964 0.007 0.001
	0.95 0.001 0.035 0.014
	0.859 0.036 0.054 0.051
	0.022 0.815 0.007 0.156
	0.187 0.062 0.586 0.165
	0.014 0.486 0.124 0.376
	0.083 0.256 0.065 0.596
	0.022 0.079 0.789 0.11
	0.121 0.421 0.069 0.389

Comparing motif motif_Train4_3 (12 positions) versus motif motif_Train8_3 (12 positions):
... distance motif_Train4_3 versus motif_Train8_3 is calculated as  0.011 at offsets 1/1

	Motif2: motif_Train9_3 (12 positions)
	0.034 0.234 0.021 0.711
	0.013 0.001 0.917 0.069
	0.145 0.001 0.806 0.048
	0.001 0.997 0.001 0.001
	0.997 0.001 0.001 0.001
	0.813 0.001 0.062 0.124
	0.001 0.805 0.001 0.193
	0.242 0.152 0.474 0.133
	0.104 0.382 0.145 0.369
	0.186 0.279 0.057 0.478
	0.058 0.048 0.632 0.262
	0.19 0.327 0.179 0.304

Comparing motif motif_Train4_3 (12 positions) versus motif motif_Train9_3 (12 positions):
... distance motif_Train4_3 versus motif_Train9_3 is calculated as  0.004 at offsets 1/1

Motif1: motif_Train5_3 (12 positions)
0.041 0.136 0.027 0.796
0.006 0.001 0.898 0.095
0.157 0.001 0.822 0.02
0.001 0.997 0.001 0.001
0.979 0.001 0.019 0.001
0.836 0.014 0.075 0.075
0.013 0.816 0.001 0.17
0.28 0.116 0.547 0.057
0.102 0.398 0.103 0.398
0.123 0.294 0.05 0.533
0.055 0.048 0.719 0.178
0.226 0.364 0.116 0.294

	Motif2: motif_Train6_3 (12 positions)
	0.052 0.149 0.021 0.778
	0.01 0.001 0.87 0.119
	0.132 0.001 0.797 0.07
	0.004 0.994 0.001 0.001
	0.968 0.001 0.03 0.001
	0.844 0.01 0.067 0.079
	0.067 0.765 0.001 0.167
	0.187 0.107 0.589 0.117
	0.091 0.394 0.143 0.372
	0.133 0.232 0.047 0.588
	0.064 0.13 0.644 0.162
	0.197 0.357 0.123 0.323

Comparing motif motif_Train5_3 (12 positions) versus motif motif_Train6_3 (12 positions):
... distance motif_Train5_3 versus motif_Train6_3 is calculated as  0.004 at offsets 1/1

	Motif2: motif_Train7_3 (12 positions)
	0.066 0.251 0.014 0.669
	0.001 0.007 0.892 0.1
	0.129 0.001 0.849 0.021
	0.001 0.997 0.001 0.001
	0.997 0.001 0.001 0.001
	0.791 0.061 0.059 0.089
	0.001 0.781 0.001 0.217
	0.229 0.143 0.52 0.108
	0.072 0.377 0.136 0.416
	0.186 0.273 0.1 0.441
	0.043 0.107 0.578 0.272
	0.215 0.309 0.108 0.368

Comparing motif motif_Train5_3 (12 positions) versus motif motif_Train7_3 (12 positions):
... distance motif_Train5_3 versus motif_Train7_3 is calculated as  0.009 at offsets 1/1

	Motif2: motif_Train8_3 (12 positions)
	0.043 0.172 0.014 0.771
	0.014 0.014 0.85 0.122
	0.093 0.001 0.878 0.028
	0.028 0.964 0.007 0.001
	0.95 0.001 0.035 0.014
	0.859 0.036 0.054 0.051
	0.022 0.815 0.007 0.156
	0.187 0.062 0.586 0.165
	0.014 0.486 0.124 0.376
	0.083 0.256 0.065 0.596
	0.022 0.079 0.789 0.11
	0.121 0.421 0.069 0.389

Comparing motif motif_Train5_3 (12 positions) versus motif motif_Train8_3 (12 positions):
... distance motif_Train5_3 versus motif_Train8_3 is calculated as  0.009 at offsets 1/1

	Motif2: motif_Train9_3 (12 positions)
	0.034 0.234 0.021 0.711
	0.013 0.001 0.917 0.069
	0.145 0.001 0.806 0.048
	0.001 0.997 0.001 0.001
	0.997 0.001 0.001 0.001
	0.813 0.001 0.062 0.124
	0.001 0.805 0.001 0.193
	0.242 0.152 0.474 0.133
	0.104 0.382 0.145 0.369
	0.186 0.279 0.057 0.478
	0.058 0.048 0.632 0.262
	0.19 0.327 0.179 0.304

Comparing motif motif_Train5_3 (12 positions) versus motif motif_Train9_3 (12 positions):
... distance motif_Train5_3 versus motif_Train9_3 is calculated as  0.006 at offsets 1/1

Motif1: motif_Train6_3 (12 positions)
0.052 0.149 0.021 0.778
0.01 0.001 0.87 0.119
0.132 0.001 0.797 0.07
0.004 0.994 0.001 0.001
0.968 0.001 0.03 0.001
0.844 0.01 0.067 0.079
0.067 0.765 0.001 0.167
0.187 0.107 0.589 0.117
0.091 0.394 0.143 0.372
0.133 0.232 0.047 0.588
0.064 0.13 0.644 0.162
0.197 0.357 0.123 0.323

	Motif2: motif_Train7_3 (12 positions)
	0.066 0.251 0.014 0.669
	0.001 0.007 0.892 0.1
	0.129 0.001 0.849 0.021
	0.001 0.997 0.001 0.001
	0.997 0.001 0.001 0.001
	0.791 0.061 0.059 0.089
	0.001 0.781 0.001 0.217
	0.229 0.143 0.52 0.108
	0.072 0.377 0.136 0.416
	0.186 0.273 0.1 0.441
	0.043 0.107 0.578 0.272
	0.215 0.309 0.108 0.368

Comparing motif motif_Train6_3 (12 positions) versus motif motif_Train7_3 (12 positions):
... distance motif_Train6_3 versus motif_Train7_3 is calculated as  0.009 at offsets 1/1

	Motif2: motif_Train8_3 (12 positions)
	0.043 0.172 0.014 0.771
	0.014 0.014 0.85 0.122
	0.093 0.001 0.878 0.028
	0.028 0.964 0.007 0.001
	0.95 0.001 0.035 0.014
	0.859 0.036 0.054 0.051
	0.022 0.815 0.007 0.156
	0.187 0.062 0.586 0.165
	0.014 0.486 0.124 0.376
	0.083 0.256 0.065 0.596
	0.022 0.079 0.789 0.11
	0.121 0.421 0.069 0.389

Comparing motif motif_Train6_3 (12 positions) versus motif motif_Train8_3 (12 positions):
... distance motif_Train6_3 versus motif_Train8_3 is calculated as  0.007 at offsets 1/1

	Motif2: motif_Train9_3 (12 positions)
	0.034 0.234 0.021 0.711
	0.013 0.001 0.917 0.069
	0.145 0.001 0.806 0.048
	0.001 0.997 0.001 0.001
	0.997 0.001 0.001 0.001
	0.813 0.001 0.062 0.124
	0.001 0.805 0.001 0.193
	0.242 0.152 0.474 0.133
	0.104 0.382 0.145 0.369
	0.186 0.279 0.057 0.478
	0.058 0.048 0.632 0.262
	0.19 0.327 0.179 0.304

Comparing motif motif_Train6_3 (12 positions) versus motif motif_Train9_3 (12 positions):
... distance motif_Train6_3 versus motif_Train9_3 is calculated as  0.007 at offsets 1/1

Motif1: motif_Train7_3 (12 positions)
0.066 0.251 0.014 0.669
0.001 0.007 0.892 0.1
0.129 0.001 0.849 0.021
0.001 0.997 0.001 0.001
0.997 0.001 0.001 0.001
0.791 0.061 0.059 0.089
0.001 0.781 0.001 0.217
0.229 0.143 0.52 0.108
0.072 0.377 0.136 0.416
0.186 0.273 0.1 0.441
0.043 0.107 0.578 0.272
0.215 0.309 0.108 0.368

	Motif2: motif_Train8_3 (12 positions)
	0.043 0.172 0.014 0.771
	0.014 0.014 0.85 0.122
	0.093 0.001 0.878 0.028
	0.028 0.964 0.007 0.001
	0.95 0.001 0.035 0.014
	0.859 0.036 0.054 0.051
	0.022 0.815 0.007 0.156
	0.187 0.062 0.586 0.165
	0.014 0.486 0.124 0.376
	0.083 0.256 0.065 0.596
	0.022 0.079 0.789 0.11
	0.121 0.421 0.069 0.389

Comparing motif motif_Train7_3 (12 positions) versus motif motif_Train8_3 (12 positions):
... distance motif_Train7_3 versus motif_Train8_3 is calculated as  0.017 at offsets 1/1

	Motif2: motif_Train9_3 (12 positions)
	0.034 0.234 0.021 0.711
	0.013 0.001 0.917 0.069
	0.145 0.001 0.806 0.048
	0.001 0.997 0.001 0.001
	0.997 0.001 0.001 0.001
	0.813 0.001 0.062 0.124
	0.001 0.805 0.001 0.193
	0.242 0.152 0.474 0.133
	0.104 0.382 0.145 0.369
	0.186 0.279 0.057 0.478
	0.058 0.048 0.632 0.262
	0.19 0.327 0.179 0.304

Comparing motif motif_Train7_3 (12 positions) versus motif motif_Train9_3 (12 positions):
... distance motif_Train7_3 versus motif_Train9_3 is calculated as  0.003 at offsets 1/1

Motif1: motif_Train8_3 (12 positions)
0.043 0.172 0.014 0.771
0.014 0.014 0.85 0.122
0.093 0.001 0.878 0.028
0.028 0.964 0.007 0.001
0.95 0.001 0.035 0.014
0.859 0.036 0.054 0.051
0.022 0.815 0.007 0.156
0.187 0.062 0.586 0.165
0.014 0.486 0.124 0.376
0.083 0.256 0.065 0.596
0.022 0.079 0.789 0.11
0.121 0.421 0.069 0.389

	Motif2: motif_Train9_3 (12 positions)
	0.034 0.234 0.021 0.711
	0.013 0.001 0.917 0.069
	0.145 0.001 0.806 0.048
	0.001 0.997 0.001 0.001
	0.997 0.001 0.001 0.001
	0.813 0.001 0.062 0.124
	0.001 0.805 0.001 0.193
	0.242 0.152 0.474 0.133
	0.104 0.382 0.145 0.369
	0.186 0.279 0.057 0.478
	0.058 0.048 0.632 0.262
	0.19 0.327 0.179 0.304

Comparing motif motif_Train8_3 (12 positions) versus motif motif_Train9_3 (12 positions):
... distance motif_Train8_3 versus motif_Train9_3 is calculated as  0.016 at offsets 1/1

Motif1: motif_Train9_3 (12 positions)
0.034 0.234 0.021 0.711
0.013 0.001 0.917 0.069
0.145 0.001 0.806 0.048
0.001 0.997 0.001 0.001
0.997 0.001 0.001 0.001
0.813 0.001 0.062 0.124
0.001 0.805 0.001 0.193
0.242 0.152 0.474 0.133
0.104 0.382 0.145 0.369
0.186 0.279 0.057 0.478
0.058 0.048 0.632 0.262
0.19 0.327 0.179 0.304



Merging motifs motif_Train7_3 and motif_Train9_3 (distance  0.003 at offsets 1/1)

Determining pairwise distances for motif set:

Motif1: motif_10_3 (12 positions)
0.048 0.168 0.024 0.76
0.001 0.008 0.951 0.04
0.143 0.001 0.855 0.001
0.001 0.997 0.001 0.001
0.997 0.001 0.001 0.001
0.792 0.056 0.04 0.112
0.001 0.806 0.001 0.192
0.145 0.096 0.691 0.068
0.024 0.47 0.065 0.441
0.1 0.225 0.04 0.635
0.001 0.056 0.832 0.111
0.145 0.382 0.08 0.393

	Motif2: motif_Train1_3 (12 positions)
	0.063 0.174 0.014 0.749
	0.019 0.001 0.807 0.173
	0.135 0.001 0.828 0.036
	0.004 0.981 0.014 0.001
	0.997 0.001 0.001 0.001
	0.778 0.053 0.072 0.097
	0.001 0.765 0.001 0.233
	0.191 0.097 0.572 0.14
	0.072 0.428 0.133 0.367
	0.123 0.217 0.044 0.616
	0.034 0.098 0.696 0.172
	0.17 0.43 0.123 0.276

Comparing motif motif_10_3 (12 positions) versus motif motif_Train1_3 (12 positions):
... distance motif_10_3 versus motif_Train1_3 is calculated as  0.011 at offsets 1/1

	Motif2: motif_Train2_3 (12 positions)
	0.018 0.061 0.024 0.897
	0.012 0.012 0.947 0.029
	0.059 0.001 0.928 0.012
	0.011 0.987 0.001 0.001
	0.987 0.001 0.011 0.001
	0.926 0.001 0.05 0.023
	0.011 0.831 0.001 0.157
	0.106 0.059 0.788 0.047
	0.035 0.27 0.031 0.664
	0.111 0.226 0.071 0.592
	0.047 0.047 0.835 0.071
	0.161 0.507 0.054 0.278

Comparing motif motif_10_3 (12 positions) versus motif motif_Train2_3 (12 positions):
... distance motif_10_3 versus motif_Train2_3 is calculated as  0.018 at offsets 1/1

	Motif2: motif_Train4_3 (12 positions)
	0.039 0.168 0.022 0.771
	0.017 0.017 0.848 0.118
	0.118 0.001 0.842 0.039
	0.027 0.971 0.001 0.001
	0.982 0.001 0.016 0.001
	0.82 0.045 0.056 0.079
	0.001 0.87 0.001 0.128
	0.264 0.123 0.517 0.096
	0.078 0.382 0.185 0.354
	0.157 0.275 0.051 0.517
	0.051 0.107 0.645 0.197
	0.225 0.309 0.151 0.315

Comparing motif motif_10_3 (12 positions) versus motif motif_Train4_3 (12 positions):
... distance motif_10_3 versus motif_Train4_3 is calculated as  0.017 at offsets 1/1

	Motif2: motif_Train5_3 (12 positions)
	0.041 0.136 0.027 0.796
	0.006 0.001 0.898 0.095
	0.157 0.001 0.822 0.02
	0.001 0.997 0.001 0.001
	0.979 0.001 0.019 0.001
	0.836 0.014 0.075 0.075
	0.013 0.816 0.001 0.17
	0.28 0.116 0.547 0.057
	0.102 0.398 0.103 0.398
	0.123 0.294 0.05 0.533
	0.055 0.048 0.719 0.178
	0.226 0.364 0.116 0.294

Comparing motif motif_10_3 (12 positions) versus motif motif_Train5_3 (12 positions):
... distance motif_10_3 versus motif_Train5_3 is calculated as  0.010 at offsets 1/1

	Motif2: motif_Train6_3 (12 positions)
	0.052 0.149 0.021 0.778
	0.01 0.001 0.87 0.119
	0.132 0.001 0.797 0.07
	0.004 0.994 0.001 0.001
	0.968 0.001 0.03 0.001
	0.844 0.01 0.067 0.079
	0.067 0.765 0.001 0.167
	0.187 0.107 0.589 0.117
	0.091 0.394 0.143 0.372
	0.133 0.232 0.047 0.588
	0.064 0.13 0.644 0.162
	0.197 0.357 0.123 0.323

Comparing motif motif_10_3 (12 positions) versus motif motif_Train6_3 (12 positions):
... distance motif_10_3 versus motif_Train6_3 is calculated as  0.011 at offsets 1/1

	Motif2: motif_Train7_3m (12 positions)
	0.05 0.2425 0.0175 0.69
	0.007 0.004 0.9045 0.0845
	0.137 0.001 0.8275 0.0345
	0.001 0.997 0.001 0.001
	0.997 0.001 0.001 0.001
	0.802 0.031 0.0605 0.1065
	0.001 0.793 0.001 0.205
	0.2355 0.1475 0.497 0.1205
	0.088 0.3795 0.1405 0.3925
	0.186 0.276 0.0785 0.4595
	0.0505 0.0775 0.605 0.267
	0.2025 0.318 0.1435 0.336

Comparing motif motif_10_3 (12 positions) versus motif motif_Train7_3m (12 positions):
... distance motif_10_3 versus motif_Train7_3m is calculated as  0.019 at offsets 1/1

	Motif2: motif_Train8_3 (12 positions)
	0.043 0.172 0.014 0.771
	0.014 0.014 0.85 0.122
	0.093 0.001 0.878 0.028
	0.028 0.964 0.007 0.001
	0.95 0.001 0.035 0.014
	0.859 0.036 0.054 0.051
	0.022 0.815 0.007 0.156
	0.187 0.062 0.586 0.165
	0.014 0.486 0.124 0.376
	0.083 0.256 0.065 0.596
	0.022 0.079 0.789 0.11
	0.121 0.421 0.069 0.389

Comparing motif motif_10_3 (12 positions) versus motif motif_Train8_3 (12 positions):
... distance motif_10_3 versus motif_Train8_3 is calculated as  0.006 at offsets 1/1

Motif1: motif_Train1_3 (12 positions)
0.063 0.174 0.014 0.749
0.019 0.001 0.807 0.173
0.135 0.001 0.828 0.036
0.004 0.981 0.014 0.001
0.997 0.001 0.001 0.001
0.778 0.053 0.072 0.097
0.001 0.765 0.001 0.233
0.191 0.097 0.572 0.14
0.072 0.428 0.133 0.367
0.123 0.217 0.044 0.616
0.034 0.098 0.696 0.172
0.17 0.43 0.123 0.276

	Motif2: motif_Train2_3 (12 positions)
	0.018 0.061 0.024 0.897
	0.012 0.012 0.947 0.029
	0.059 0.001 0.928 0.012
	0.011 0.987 0.001 0.001
	0.987 0.001 0.011 0.001
	0.926 0.001 0.05 0.023
	0.011 0.831 0.001 0.157
	0.106 0.059 0.788 0.047
	0.035 0.27 0.031 0.664
	0.111 0.226 0.071 0.592
	0.047 0.047 0.835 0.071
	0.161 0.507 0.054 0.278

Comparing motif motif_Train1_3 (12 positions) versus motif motif_Train2_3 (12 positions):
... distance motif_Train1_3 versus motif_Train2_3 is calculated as  0.031 at offsets 1/1

	Motif2: motif_Train4_3 (12 positions)
	0.039 0.168 0.022 0.771
	0.017 0.017 0.848 0.118
	0.118 0.001 0.842 0.039
	0.027 0.971 0.001 0.001
	0.982 0.001 0.016 0.001
	0.82 0.045 0.056 0.079
	0.001 0.87 0.001 0.128
	0.264 0.123 0.517 0.096
	0.078 0.382 0.185 0.354
	0.157 0.275 0.051 0.517
	0.051 0.107 0.645 0.197
	0.225 0.309 0.151 0.315

Comparing motif motif_Train1_3 (12 positions) versus motif motif_Train4_3 (12 positions):
... distance motif_Train1_3 versus motif_Train4_3 is calculated as  0.007 at offsets 1/1

	Motif2: motif_Train5_3 (12 positions)
	0.041 0.136 0.027 0.796
	0.006 0.001 0.898 0.095
	0.157 0.001 0.822 0.02
	0.001 0.997 0.001 0.001
	0.979 0.001 0.019 0.001
	0.836 0.014 0.075 0.075
	0.013 0.816 0.001 0.17
	0.28 0.116 0.547 0.057
	0.102 0.398 0.103 0.398
	0.123 0.294 0.05 0.533
	0.055 0.048 0.719 0.178
	0.226 0.364 0.116 0.294

Comparing motif motif_Train1_3 (12 positions) versus motif motif_Train5_3 (12 positions):
... distance motif_Train1_3 versus motif_Train5_3 is calculated as  0.006 at offsets 1/1

	Motif2: motif_Train6_3 (12 positions)
	0.052 0.149 0.021 0.778
	0.01 0.001 0.87 0.119
	0.132 0.001 0.797 0.07
	0.004 0.994 0.001 0.001
	0.968 0.001 0.03 0.001
	0.844 0.01 0.067 0.079
	0.067 0.765 0.001 0.167
	0.187 0.107 0.589 0.117
	0.091 0.394 0.143 0.372
	0.133 0.232 0.047 0.588
	0.064 0.13 0.644 0.162
	0.197 0.357 0.123 0.323

Comparing motif motif_Train1_3 (12 positions) versus motif motif_Train6_3 (12 positions):
... distance motif_Train1_3 versus motif_Train6_3 is calculated as  0.004 at offsets 1/1

	Motif2: motif_Train7_3m (12 positions)
	0.05 0.2425 0.0175 0.69
	0.007 0.004 0.9045 0.0845
	0.137 0.001 0.8275 0.0345
	0.001 0.997 0.001 0.001
	0.997 0.001 0.001 0.001
	0.802 0.031 0.0605 0.1065
	0.001 0.793 0.001 0.205
	0.2355 0.1475 0.497 0.1205
	0.088 0.3795 0.1405 0.3925
	0.186 0.276 0.0785 0.4595
	0.0505 0.0775 0.605 0.267
	0.2025 0.318 0.1435 0.336

Comparing motif motif_Train1_3 (12 positions) versus motif motif_Train7_3m (12 positions):
... distance motif_Train1_3 versus motif_Train7_3m is calculated as  0.009 at offsets 1/1

	Motif2: motif_Train8_3 (12 positions)
	0.043 0.172 0.014 0.771
	0.014 0.014 0.85 0.122
	0.093 0.001 0.878 0.028
	0.028 0.964 0.007 0.001
	0.95 0.001 0.035 0.014
	0.859 0.036 0.054 0.051
	0.022 0.815 0.007 0.156
	0.187 0.062 0.586 0.165
	0.014 0.486 0.124 0.376
	0.083 0.256 0.065 0.596
	0.022 0.079 0.789 0.11
	0.121 0.421 0.069 0.389

Comparing motif motif_Train1_3 (12 positions) versus motif motif_Train8_3 (12 positions):
... distance motif_Train1_3 versus motif_Train8_3 is calculated as  0.006 at offsets 1/1

Motif1: motif_Train2_3 (12 positions)
0.018 0.061 0.024 0.897
0.012 0.012 0.947 0.029
0.059 0.001 0.928 0.012
0.011 0.987 0.001 0.001
0.987 0.001 0.011 0.001
0.926 0.001 0.05 0.023
0.011 0.831 0.001 0.157
0.106 0.059 0.788 0.047
0.035 0.27 0.031 0.664
0.111 0.226 0.071 0.592
0.047 0.047 0.835 0.071
0.161 0.507 0.054 0.278

	Motif2: motif_Train4_3 (12 positions)
	0.039 0.168 0.022 0.771
	0.017 0.017 0.848 0.118
	0.118 0.001 0.842 0.039
	0.027 0.971 0.001 0.001
	0.982 0.001 0.016 0.001
	0.82 0.045 0.056 0.079
	0.001 0.87 0.001 0.128
	0.264 0.123 0.517 0.096
	0.078 0.382 0.185 0.354
	0.157 0.275 0.051 0.517
	0.051 0.107 0.645 0.197
	0.225 0.309 0.151 0.315

Comparing motif motif_Train2_3 (12 positions) versus motif motif_Train4_3 (12 positions):
... distance motif_Train2_3 versus motif_Train4_3 is calculated as  0.036 at offsets 1/1

	Motif2: motif_Train5_3 (12 positions)
	0.041 0.136 0.027 0.796
	0.006 0.001 0.898 0.095
	0.157 0.001 0.822 0.02
	0.001 0.997 0.001 0.001
	0.979 0.001 0.019 0.001
	0.836 0.014 0.075 0.075
	0.013 0.816 0.001 0.17
	0.28 0.116 0.547 0.057
	0.102 0.398 0.103 0.398
	0.123 0.294 0.05 0.533
	0.055 0.048 0.719 0.178
	0.226 0.364 0.116 0.294

Comparing motif motif_Train2_3 (12 positions) versus motif motif_Train5_3 (12 positions):
... distance motif_Train2_3 versus motif_Train5_3 is calculated as  0.026 at offsets 1/1

	Motif2: motif_Train6_3 (12 positions)
	0.052 0.149 0.021 0.778
	0.01 0.001 0.87 0.119
	0.132 0.001 0.797 0.07
	0.004 0.994 0.001 0.001
	0.968 0.001 0.03 0.001
	0.844 0.01 0.067 0.079
	0.067 0.765 0.001 0.167
	0.187 0.107 0.589 0.117
	0.091 0.394 0.143 0.372
	0.133 0.232 0.047 0.588
	0.064 0.13 0.644 0.162
	0.197 0.357 0.123 0.323

Comparing motif motif_Train2_3 (12 positions) versus motif motif_Train6_3 (12 positions):
... distance motif_Train2_3 versus motif_Train6_3 is calculated as  0.028 at offsets 1/1

	Motif2: motif_Train7_3m (12 positions)
	0.05 0.2425 0.0175 0.69
	0.007 0.004 0.9045 0.0845
	0.137 0.001 0.8275 0.0345
	0.001 0.997 0.001 0.001
	0.997 0.001 0.001 0.001
	0.802 0.031 0.0605 0.1065
	0.001 0.793 0.001 0.205
	0.2355 0.1475 0.497 0.1205
	0.088 0.3795 0.1405 0.3925
	0.186 0.276 0.0785 0.4595
	0.0505 0.0775 0.605 0.267
	0.2025 0.318 0.1435 0.336

Comparing motif motif_Train2_3 (12 positions) versus motif motif_Train7_3m (12 positions):
... distance motif_Train2_3 versus motif_Train7_3m is calculated as  0.042 at offsets 1/1

	Motif2: motif_Train8_3 (12 positions)
	0.043 0.172 0.014 0.771
	0.014 0.014 0.85 0.122
	0.093 0.001 0.878 0.028
	0.028 0.964 0.007 0.001
	0.95 0.001 0.035 0.014
	0.859 0.036 0.054 0.051
	0.022 0.815 0.007 0.156
	0.187 0.062 0.586 0.165
	0.014 0.486 0.124 0.376
	0.083 0.256 0.065 0.596
	0.022 0.079 0.789 0.11
	0.121 0.421 0.069 0.389

Comparing motif motif_Train2_3 (12 positions) versus motif motif_Train8_3 (12 positions):
... distance motif_Train2_3 versus motif_Train8_3 is calculated as  0.024 at offsets 1/1

Motif1: motif_Train4_3 (12 positions)
0.039 0.168 0.022 0.771
0.017 0.017 0.848 0.118
0.118 0.001 0.842 0.039
0.027 0.971 0.001 0.001
0.982 0.001 0.016 0.001
0.82 0.045 0.056 0.079
0.001 0.87 0.001 0.128
0.264 0.123 0.517 0.096
0.078 0.382 0.185 0.354
0.157 0.275 0.051 0.517
0.051 0.107 0.645 0.197
0.225 0.309 0.151 0.315

	Motif2: motif_Train5_3 (12 positions)
	0.041 0.136 0.027 0.796
	0.006 0.001 0.898 0.095
	0.157 0.001 0.822 0.02
	0.001 0.997 0.001 0.001
	0.979 0.001 0.019 0.001
	0.836 0.014 0.075 0.075
	0.013 0.816 0.001 0.17
	0.28 0.116 0.547 0.057
	0.102 0.398 0.103 0.398
	0.123 0.294 0.05 0.533
	0.055 0.048 0.719 0.178
	0.226 0.364 0.116 0.294

Comparing motif motif_Train4_3 (12 positions) versus motif motif_Train5_3 (12 positions):
... distance motif_Train4_3 versus motif_Train5_3 is calculated as  0.004 at offsets 1/1

	Motif2: motif_Train6_3 (12 positions)
	0.052 0.149 0.021 0.778
	0.01 0.001 0.87 0.119
	0.132 0.001 0.797 0.07
	0.004 0.994 0.001 0.001
	0.968 0.001 0.03 0.001
	0.844 0.01 0.067 0.079
	0.067 0.765 0.001 0.167
	0.187 0.107 0.589 0.117
	0.091 0.394 0.143 0.372
	0.133 0.232 0.047 0.588
	0.064 0.13 0.644 0.162
	0.197 0.357 0.123 0.323

Comparing motif motif_Train4_3 (12 positions) versus motif motif_Train6_3 (12 positions):
... distance motif_Train4_3 versus motif_Train6_3 is calculated as  0.004 at offsets 1/1

	Motif2: motif_Train7_3m (12 positions)
	0.05 0.2425 0.0175 0.69
	0.007 0.004 0.9045 0.0845
	0.137 0.001 0.8275 0.0345
	0.001 0.997 0.001 0.001
	0.997 0.001 0.001 0.001
	0.802 0.031 0.0605 0.1065
	0.001 0.793 0.001 0.205
	0.2355 0.1475 0.497 0.1205
	0.088 0.3795 0.1405 0.3925
	0.186 0.276 0.0785 0.4595
	0.0505 0.0775 0.605 0.267
	0.2025 0.318 0.1435 0.336

Comparing motif motif_Train4_3 (12 positions) versus motif motif_Train7_3m (12 positions):
... distance motif_Train4_3 versus motif_Train7_3m is calculated as  0.004 at offsets 1/1

	Motif2: motif_Train8_3 (12 positions)
	0.043 0.172 0.014 0.771
	0.014 0.014 0.85 0.122
	0.093 0.001 0.878 0.028
	0.028 0.964 0.007 0.001
	0.95 0.001 0.035 0.014
	0.859 0.036 0.054 0.051
	0.022 0.815 0.007 0.156
	0.187 0.062 0.586 0.165
	0.014 0.486 0.124 0.376
	0.083 0.256 0.065 0.596
	0.022 0.079 0.789 0.11
	0.121 0.421 0.069 0.389

Comparing motif motif_Train4_3 (12 positions) versus motif motif_Train8_3 (12 positions):
... distance motif_Train4_3 versus motif_Train8_3 is calculated as  0.011 at offsets 1/1

Motif1: motif_Train5_3 (12 positions)
0.041 0.136 0.027 0.796
0.006 0.001 0.898 0.095
0.157 0.001 0.822 0.02
0.001 0.997 0.001 0.001
0.979 0.001 0.019 0.001
0.836 0.014 0.075 0.075
0.013 0.816 0.001 0.17
0.28 0.116 0.547 0.057
0.102 0.398 0.103 0.398
0.123 0.294 0.05 0.533
0.055 0.048 0.719 0.178
0.226 0.364 0.116 0.294

	Motif2: motif_Train6_3 (12 positions)
	0.052 0.149 0.021 0.778
	0.01 0.001 0.87 0.119
	0.132 0.001 0.797 0.07
	0.004 0.994 0.001 0.001
	0.968 0.001 0.03 0.001
	0.844 0.01 0.067 0.079
	0.067 0.765 0.001 0.167
	0.187 0.107 0.589 0.117
	0.091 0.394 0.143 0.372
	0.133 0.232 0.047 0.588
	0.064 0.13 0.644 0.162
	0.197 0.357 0.123 0.323

Comparing motif motif_Train5_3 (12 positions) versus motif motif_Train6_3 (12 positions):
... distance motif_Train5_3 versus motif_Train6_3 is calculated as  0.004 at offsets 1/1

	Motif2: motif_Train7_3m (12 positions)
	0.05 0.2425 0.0175 0.69
	0.007 0.004 0.9045 0.0845
	0.137 0.001 0.8275 0.0345
	0.001 0.997 0.001 0.001
	0.997 0.001 0.001 0.001
	0.802 0.031 0.0605 0.1065
	0.001 0.793 0.001 0.205
	0.2355 0.1475 0.497 0.1205
	0.088 0.3795 0.1405 0.3925
	0.186 0.276 0.0785 0.4595
	0.0505 0.0775 0.605 0.267
	0.2025 0.318 0.1435 0.336

Comparing motif motif_Train5_3 (12 positions) versus motif motif_Train7_3m (12 positions):
... distance motif_Train5_3 versus motif_Train7_3m is calculated as  0.006 at offsets 1/1

	Motif2: motif_Train8_3 (12 positions)
	0.043 0.172 0.014 0.771
	0.014 0.014 0.85 0.122
	0.093 0.001 0.878 0.028
	0.028 0.964 0.007 0.001
	0.95 0.001 0.035 0.014
	0.859 0.036 0.054 0.051
	0.022 0.815 0.007 0.156
	0.187 0.062 0.586 0.165
	0.014 0.486 0.124 0.376
	0.083 0.256 0.065 0.596
	0.022 0.079 0.789 0.11
	0.121 0.421 0.069 0.389

Comparing motif motif_Train5_3 (12 positions) versus motif motif_Train8_3 (12 positions):
... distance motif_Train5_3 versus motif_Train8_3 is calculated as  0.009 at offsets 1/1

Motif1: motif_Train6_3 (12 positions)
0.052 0.149 0.021 0.778
0.01 0.001 0.87 0.119
0.132 0.001 0.797 0.07
0.004 0.994 0.001 0.001
0.968 0.001 0.03 0.001
0.844 0.01 0.067 0.079
0.067 0.765 0.001 0.167
0.187 0.107 0.589 0.117
0.091 0.394 0.143 0.372
0.133 0.232 0.047 0.588
0.064 0.13 0.644 0.162
0.197 0.357 0.123 0.323

	Motif2: motif_Train7_3m (12 positions)
	0.05 0.2425 0.0175 0.69
	0.007 0.004 0.9045 0.0845
	0.137 0.001 0.8275 0.0345
	0.001 0.997 0.001 0.001
	0.997 0.001 0.001 0.001
	0.802 0.031 0.0605 0.1065
	0.001 0.793 0.001 0.205
	0.2355 0.1475 0.497 0.1205
	0.088 0.3795 0.1405 0.3925
	0.186 0.276 0.0785 0.4595
	0.0505 0.0775 0.605 0.267
	0.2025 0.318 0.1435 0.336

Comparing motif motif_Train6_3 (12 positions) versus motif motif_Train7_3m (12 positions):
... distance motif_Train6_3 versus motif_Train7_3m is calculated as  0.007 at offsets 1/1

	Motif2: motif_Train8_3 (12 positions)
	0.043 0.172 0.014 0.771
	0.014 0.014 0.85 0.122
	0.093 0.001 0.878 0.028
	0.028 0.964 0.007 0.001
	0.95 0.001 0.035 0.014
	0.859 0.036 0.054 0.051
	0.022 0.815 0.007 0.156
	0.187 0.062 0.586 0.165
	0.014 0.486 0.124 0.376
	0.083 0.256 0.065 0.596
	0.022 0.079 0.789 0.11
	0.121 0.421 0.069 0.389

Comparing motif motif_Train6_3 (12 positions) versus motif motif_Train8_3 (12 positions):
... distance motif_Train6_3 versus motif_Train8_3 is calculated as  0.007 at offsets 1/1

Motif1: motif_Train7_3m (12 positions)
0.05 0.2425 0.0175 0.69
0.007 0.004 0.9045 0.0845
0.137 0.001 0.8275 0.0345
0.001 0.997 0.001 0.001
0.997 0.001 0.001 0.001
0.802 0.031 0.0605 0.1065
0.001 0.793 0.001 0.205
0.2355 0.1475 0.497 0.1205
0.088 0.3795 0.1405 0.3925
0.186 0.276 0.0785 0.4595
0.0505 0.0775 0.605 0.267
0.2025 0.318 0.1435 0.336

	Motif2: motif_Train8_3 (12 positions)
	0.043 0.172 0.014 0.771
	0.014 0.014 0.85 0.122
	0.093 0.001 0.878 0.028
	0.028 0.964 0.007 0.001
	0.95 0.001 0.035 0.014
	0.859 0.036 0.054 0.051
	0.022 0.815 0.007 0.156
	0.187 0.062 0.586 0.165
	0.014 0.486 0.124 0.376
	0.083 0.256 0.065 0.596
	0.022 0.079 0.789 0.11
	0.121 0.421 0.069 0.389

Comparing motif motif_Train7_3m (12 positions) versus motif motif_Train8_3 (12 positions):
... distance motif_Train7_3m versus motif_Train8_3 is calculated as  0.016 at offsets 1/1

Motif1: motif_Train8_3 (12 positions)
0.043 0.172 0.014 0.771
0.014 0.014 0.85 0.122
0.093 0.001 0.878 0.028
0.028 0.964 0.007 0.001
0.95 0.001 0.035 0.014
0.859 0.036 0.054 0.051
0.022 0.815 0.007 0.156
0.187 0.062 0.586 0.165
0.014 0.486 0.124 0.376
0.083 0.256 0.065 0.596
0.022 0.079 0.789 0.11
0.121 0.421 0.069 0.389



Merging motifs motif_Train4_3 and motif_Train5_3 (distance  0.004 at offsets 1/1)

Determining pairwise distances for motif set:

Motif1: motif_10_3 (12 positions)
0.048 0.168 0.024 0.76
0.001 0.008 0.951 0.04
0.143 0.001 0.855 0.001
0.001 0.997 0.001 0.001
0.997 0.001 0.001 0.001
0.792 0.056 0.04 0.112
0.001 0.806 0.001 0.192
0.145 0.096 0.691 0.068
0.024 0.47 0.065 0.441
0.1 0.225 0.04 0.635
0.001 0.056 0.832 0.111
0.145 0.382 0.08 0.393

	Motif2: motif_Train1_3 (12 positions)
	0.063 0.174 0.014 0.749
	0.019 0.001 0.807 0.173
	0.135 0.001 0.828 0.036
	0.004 0.981 0.014 0.001
	0.997 0.001 0.001 0.001
	0.778 0.053 0.072 0.097
	0.001 0.765 0.001 0.233
	0.191 0.097 0.572 0.14
	0.072 0.428 0.133 0.367
	0.123 0.217 0.044 0.616
	0.034 0.098 0.696 0.172
	0.17 0.43 0.123 0.276

Comparing motif motif_10_3 (12 positions) versus motif motif_Train1_3 (12 positions):
... distance motif_10_3 versus motif_Train1_3 is calculated as  0.011 at offsets 1/1

	Motif2: motif_Train2_3 (12 positions)
	0.018 0.061 0.024 0.897
	0.012 0.012 0.947 0.029
	0.059 0.001 0.928 0.012
	0.011 0.987 0.001 0.001
	0.987 0.001 0.011 0.001
