Now running MotifSetReduce.pl with arguments -m motif_group3.txt -l 5 -t 0.09 -c 0.5 ...


Determining pairwise distances for motif set:

Motif1: motif_10_11 (12 positions)
0.906 0.092 0.001 0.001
0.092 0.001 0.906 0.001
0.906 0.092 0.001 0.001
0.093 0.093 0.813 0.001
0.997 0.001 0.001 0.001
0.997 0.001 0.001 0.001
0.906 0.001 0.001 0.092
0.997 0.001 0.001 0.001
0.114 0.001 0.875 0.01
0.001 0.001 0.731 0.267
0.001 0.712 0.001 0.286
0.021 0.095 0.883 0.001

	Motif2: motif_Train1_11 (12 positions)
	0.001 0.001 0.997 0.001
	0.986 0.001 0.012 0.001
	0.001 0.001 0.997 0.001
	0.986 0.012 0.001 0.001
	0.997 0.001 0.001 0.001
	0.973 0.013 0.001 0.013
	0.997 0.001 0.001 0.001
	0.013 0.013 0.961 0.013
	0.001 0.001 0.718 0.28
	0.001 0.96 0.001 0.038
	0.013 0.131 0.83 0.026
	0.96 0.001 0.001 0.038

Comparing motif motif_10_11 (12 positions) versus motif motif_Train1_11 (12 positions):
... distance motif_10_11 versus motif_Train1_11 is calculated as  0.022 at offsets 2/1

	Motif2: motif_Train2_10 (12 positions)
	0.986 0.012 0.001 0.001
	0.001 0.001 0.997 0.001
	0.986 0.012 0.001 0.001
	0.001 0.001 0.997 0.001
	0.997 0.001 0.001 0.001
	0.997 0.001 0.001 0.001
	0.986 0.001 0.001 0.012
	0.997 0.001 0.001 0.001
	0.026 0.013 0.948 0.013
	0.013 0.001 0.719 0.267
	0.001 0.973 0.001 0.025
	0.039 0.067 0.893 0.001

Comparing motif motif_10_11 (12 positions) versus motif motif_Train2_10 (12 positions):
... distance motif_10_11 versus motif_Train2_10 is calculated as  0.021 at offsets 1/1

	Motif2: motif_Train3_11 (12 positions)
	0.006 0.001 0.992 0.001
	0.986 0.001 0.012 0.001
	0.001 0.012 0.986 0.001
	0.986 0.012 0.001 0.001
	0.997 0.001 0.001 0.001
	0.975 0.012 0.001 0.012
	0.997 0.001 0.001 0.001
	0.013 0.013 0.961 0.013
	0.012 0.001 0.729 0.258
	0.001 0.961 0.001 0.037
	0.013 0.103 0.871 0.013
	0.961 0.001 0.001 0.037

Comparing motif motif_10_11 (12 positions) versus motif motif_Train3_11 (12 positions):
... distance motif_10_11 versus motif_Train3_11 is calculated as  0.021 at offsets 2/1

	Motif2: motif_Train4_11 (12 positions)
	0.001 0.001 0.997 0.001
	0.985 0.001 0.013 0.001
	0.001 0.001 0.997 0.001
	0.997 0.001 0.001 0.001
	0.997 0.001 0.001 0.001
	0.973 0.013 0.001 0.013
	0.997 0.001 0.001 0.001
	0.014 0.014 0.958 0.014
	0.001 0.001 0.774 0.224
	0.001 0.958 0.001 0.04
	0.014 0.122 0.823 0.041
	0.958 0.001 0.001 0.04

Comparing motif motif_10_11 (12 positions) versus motif motif_Train4_11 (12 positions):
... distance motif_10_11 versus motif_Train4_11 is calculated as  0.022 at offsets 2/1

	Motif2: motif_Train5_10 (12 positions)
	0.987 0.011 0.001 0.001
	0.011 0.001 0.987 0.001
	0.987 0.011 0.001 0.001
	0.012 0.012 0.975 0.001
	0.997 0.001 0.001 0.001
	0.997 0.001 0.001 0.001
	0.987 0.001 0.001 0.011
	0.997 0.001 0.001 0.001
	0.025 0.001 0.962 0.012
	0.001 0.001 0.754 0.244
	0.001 0.962 0.001 0.036
	0.037 0.091 0.822 0.05

Comparing motif motif_10_11 (12 positions) versus motif motif_Train5_10 (12 positions):
... distance motif_10_11 versus motif_Train5_10 is calculated as  0.020 at offsets 1/1

	Motif2: motif_Train6_11 (12 positions)
	0.071 0.001 0.927 0.001
	0.985 0.005 0.009 0.001
	0.01 0.005 0.912 0.073
	0.638 0.001 0.36 0.001
	0.997 0.001 0.001 0.001
	0.984 0.014 0.001 0.001
	0.85 0.072 0.001 0.077
	0.001 0.015 0.979 0.005
	0.077 0.001 0.67 0.252
	0.145 0.483 0.001 0.371
	0.001 0.226 0.33 0.442
	0.839 0.001 0.001 0.159

Comparing motif motif_10_11 (12 positions) versus motif motif_Train6_11 (12 positions):
... distance motif_10_11 versus motif_Train6_11 is calculated as  0.089 at offsets 2/1

	Motif2: motif_Train7_10 (12 positions)
	0.994 0.004 0.001 0.001
	0.001 0.001 0.997 0.001
	0.81 0.005 0.184 0.001
	0.047 0.001 0.86 0.092
	0.997 0.001 0.001 0.001
	0.907 0.001 0.001 0.091
	0.902 0.001 0.001 0.096
	0.907 0.001 0.001 0.091
	0.001 0.092 0.904 0.003
	0.092 0.001 0.301 0.606
	0.092 0.712 0.001 0.195
	0.001 0.137 0.676 0.186

Comparing motif motif_10_11 (12 positions) versus motif motif_Train7_10 (12 positions):
... distance motif_10_11 versus motif_Train7_10 is calculated as  0.047 at offsets 1/1

	Motif2: motif_Train8_10 (12 positions)
	0.001 0.001 0.997 0.001
	0.986 0.001 0.012 0.001
	0.013 0.013 0.973 0.001
	0.986 0.012 0.001 0.001
	0.997 0.001 0.001 0.001
	0.973 0.013 0.001 0.013
	0.997 0.001 0.001 0.001
	0.013 0.001 0.973 0.013
	0.001 0.001 0.695 0.303
	0.001 0.986 0.001 0.012
	0.007 0.067 0.9 0.026
	0.947 0.001 0.001 0.051

Comparing motif motif_10_11 (12 positions) versus motif motif_Train8_10 (12 positions):
... distance motif_10_11 versus motif_Train8_10 is calculated as  0.023 at offsets 2/1

	Motif2: motif_Train9_10 (12 positions)
	0.987 0.011 0.001 0.001
	0.001 0.001 0.997 0.001
	0.987 0.011 0.001 0.001
	0.012 0.012 0.975 0.001
	0.997 0.001 0.001 0.001
	0.997 0.001 0.001 0.001
	0.987 0.001 0.001 0.011
	0.997 0.001 0.001 0.001
	0.024 0.001 0.974 0.001
	0.001 0.001 0.704 0.294
	0.001 0.974 0.001 0.024
	0.037 0.111 0.803 0.049

Comparing motif motif_10_11 (12 positions) versus motif motif_Train9_10 (12 positions):
... distance motif_10_11 versus motif_Train9_10 is calculated as  0.022 at offsets 1/1

Motif1: motif_Train1_11 (12 positions)
0.001 0.001 0.997 0.001
0.986 0.001 0.012 0.001
0.001 0.001 0.997 0.001
0.986 0.012 0.001 0.001
0.997 0.001 0.001 0.001
0.973 0.013 0.001 0.013
0.997 0.001 0.001 0.001
0.013 0.013 0.961 0.013
0.001 0.001 0.718 0.28
0.001 0.96 0.001 0.038
0.013 0.131 0.83 0.026
0.96 0.001 0.001 0.038

	Motif2: motif_Train2_10 (12 positions)
	0.986 0.012 0.001 0.001
	0.001 0.001 0.997 0.001
	0.986 0.012 0.001 0.001
	0.001 0.001 0.997 0.001
	0.997 0.001 0.001 0.001
	0.997 0.001 0.001 0.001
	0.986 0.001 0.001 0.012
	0.997 0.001 0.001 0.001
	0.026 0.013 0.948 0.013
	0.013 0.001 0.719 0.267
	0.001 0.973 0.001 0.025
	0.039 0.067 0.893 0.001

Comparing motif motif_Train1_11 (12 positions) versus motif motif_Train2_10 (12 positions):
... distance motif_Train1_11 versus motif_Train2_10 is calculated as  0.001 at offsets 1/2

	Motif2: motif_Train3_11 (12 positions)
	0.006 0.001 0.992 0.001
	0.986 0.001 0.012 0.001
	0.001 0.012 0.986 0.001
	0.986 0.012 0.001 0.001
	0.997 0.001 0.001 0.001
	0.975 0.012 0.001 0.012
	0.997 0.001 0.001 0.001
	0.013 0.013 0.961 0.013
	0.012 0.001 0.729 0.258
	0.001 0.961 0.001 0.037
	0.013 0.103 0.871 0.013
	0.961 0.001 0.001 0.037

Comparing motif motif_Train1_11 (12 positions) versus motif motif_Train3_11 (12 positions):
... distance motif_Train1_11 versus motif_Train3_11 is calculated as  0.000 at offsets 1/1

	Motif2: motif_Train4_11 (12 positions)
	0.001 0.001 0.997 0.001
	0.985 0.001 0.013 0.001
	0.001 0.001 0.997 0.001
	0.997 0.001 0.001 0.001
	0.997 0.001 0.001 0.001
	0.973 0.013 0.001 0.013
	0.997 0.001 0.001 0.001
	0.014 0.014 0.958 0.014
	0.001 0.001 0.774 0.224
	0.001 0.958 0.001 0.04
	0.014 0.122 0.823 0.041
	0.958 0.001 0.001 0.04

Comparing motif motif_Train1_11 (12 positions) versus motif motif_Train4_11 (12 positions):
... distance motif_Train1_11 versus motif_Train4_11 is calculated as  0.001 at offsets 1/1

	Motif2: motif_Train5_10 (12 positions)
	0.987 0.011 0.001 0.001
	0.011 0.001 0.987 0.001
	0.987 0.011 0.001 0.001
	0.012 0.012 0.975 0.001
	0.997 0.001 0.001 0.001
	0.997 0.001 0.001 0.001
	0.987 0.001 0.001 0.011
	0.997 0.001 0.001 0.001
	0.025 0.001 0.962 0.012
	0.001 0.001 0.754 0.244
	0.001 0.962 0.001 0.036
	0.037 0.091 0.822 0.05

Comparing motif motif_Train1_11 (12 positions) versus motif motif_Train5_10 (12 positions):
... distance motif_Train1_11 versus motif_Train5_10 is calculated as  0.001 at offsets 1/2

	Motif2: motif_Train6_11 (12 positions)
	0.071 0.001 0.927 0.001
	0.985 0.005 0.009 0.001
	0.01 0.005 0.912 0.073
	0.638 0.001 0.36 0.001
	0.997 0.001 0.001 0.001
	0.984 0.014 0.001 0.001
	0.85 0.072 0.001 0.077
	0.001 0.015 0.979 0.005
	0.077 0.001 0.67 0.252
	0.145 0.483 0.001 0.371
	0.001 0.226 0.33 0.442
	0.839 0.001 0.001 0.159

Comparing motif motif_Train1_11 (12 positions) versus motif motif_Train6_11 (12 positions):
... distance motif_Train1_11 versus motif_Train6_11 is calculated as  0.095 at offsets 1/1

	Motif2: motif_Train7_10 (12 positions)
	0.994 0.004 0.001 0.001
	0.001 0.001 0.997 0.001
	0.81 0.005 0.184 0.001
	0.047 0.001 0.86 0.092
	0.997 0.001 0.001 0.001
	0.907 0.001 0.001 0.091
	0.902 0.001 0.001 0.096
	0.907 0.001 0.001 0.091
	0.001 0.092 0.904 0.003
	0.092 0.001 0.301 0.606
	0.092 0.712 0.001 0.195
	0.001 0.137 0.676 0.186

Comparing motif motif_Train1_11 (12 positions) versus motif motif_Train7_10 (12 positions):
... distance motif_Train1_11 versus motif_Train7_10 is calculated as  0.052 at offsets 1/2

	Motif2: motif_Train8_10 (12 positions)
	0.001 0.001 0.997 0.001
	0.986 0.001 0.012 0.001
	0.013 0.013 0.973 0.001
	0.986 0.012 0.001 0.001
	0.997 0.001 0.001 0.001
	0.973 0.013 0.001 0.013
	0.997 0.001 0.001 0.001
	0.013 0.001 0.973 0.013
	0.001 0.001 0.695 0.303
	0.001 0.986 0.001 0.012
	0.007 0.067 0.9 0.026
	0.947 0.001 0.001 0.051

Comparing motif motif_Train1_11 (12 positions) versus motif motif_Train8_10 (12 positions):
... distance motif_Train1_11 versus motif_Train8_10 is calculated as  0.001 at offsets 1/1

	Motif2: motif_Train9_10 (12 positions)
	0.987 0.011 0.001 0.001
	0.001 0.001 0.997 0.001
	0.987 0.011 0.001 0.001
	0.012 0.012 0.975 0.001
	0.997 0.001 0.001 0.001
	0.997 0.001 0.001 0.001
	0.987 0.001 0.001 0.011
	0.997 0.001 0.001 0.001
	0.024 0.001 0.974 0.001
	0.001 0.001 0.704 0.294
	0.001 0.974 0.001 0.024
	0.037 0.111 0.803 0.049

Comparing motif motif_Train1_11 (12 positions) versus motif motif_Train9_10 (12 positions):
... distance motif_Train1_11 versus motif_Train9_10 is calculated as  0.000 at offsets 1/2

Motif1: motif_Train2_10 (12 positions)
0.986 0.012 0.001 0.001
0.001 0.001 0.997 0.001
0.986 0.012 0.001 0.001
0.001 0.001 0.997 0.001
0.997 0.001 0.001 0.001
0.997 0.001 0.001 0.001
0.986 0.001 0.001 0.012
0.997 0.001 0.001 0.001
0.026 0.013 0.948 0.013
0.013 0.001 0.719 0.267
0.001 0.973 0.001 0.025
0.039 0.067 0.893 0.001

	Motif2: motif_Train3_11 (12 positions)
	0.006 0.001 0.992 0.001
	0.986 0.001 0.012 0.001
	0.001 0.012 0.986 0.001
	0.986 0.012 0.001 0.001
	0.997 0.001 0.001 0.001
	0.975 0.012 0.001 0.012
	0.997 0.001 0.001 0.001
	0.013 0.013 0.961 0.013
	0.012 0.001 0.729 0.258
	0.001 0.961 0.001 0.037
	0.013 0.103 0.871 0.013
	0.961 0.001 0.001 0.037

Comparing motif motif_Train2_10 (12 positions) versus motif motif_Train3_11 (12 positions):
... distance motif_Train2_10 versus motif_Train3_11 is calculated as  0.000 at offsets 2/1

	Motif2: motif_Train4_11 (12 positions)
	0.001 0.001 0.997 0.001
	0.985 0.001 0.013 0.001
	0.001 0.001 0.997 0.001
	0.997 0.001 0.001 0.001
	0.997 0.001 0.001 0.001
	0.973 0.013 0.001 0.013
	0.997 0.001 0.001 0.001
	0.014 0.014 0.958 0.014
	0.001 0.001 0.774 0.224
	0.001 0.958 0.001 0.04
	0.014 0.122 0.823 0.041
	0.958 0.001 0.001 0.04

Comparing motif motif_Train2_10 (12 positions) versus motif motif_Train4_11 (12 positions):
... distance motif_Train2_10 versus motif_Train4_11 is calculated as  0.001 at offsets 2/1

	Motif2: motif_Train5_10 (12 positions)
	0.987 0.011 0.001 0.001
	0.011 0.001 0.987 0.001
	0.987 0.011 0.001 0.001
	0.012 0.012 0.975 0.001
	0.997 0.001 0.001 0.001
	0.997 0.001 0.001 0.001
	0.987 0.001 0.001 0.011
	0.997 0.001 0.001 0.001
	0.025 0.001 0.962 0.012
	0.001 0.001 0.754 0.244
	0.001 0.962 0.001 0.036
	0.037 0.091 0.822 0.05

Comparing motif motif_Train2_10 (12 positions) versus motif motif_Train5_10 (12 positions):
... distance motif_Train2_10 versus motif_Train5_10 is calculated as  0.001 at offsets 1/1

	Motif2: motif_Train6_11 (12 positions)
	0.071 0.001 0.927 0.001
	0.985 0.005 0.009 0.001
	0.01 0.005 0.912 0.073
	0.638 0.001 0.36 0.001
	0.997 0.001 0.001 0.001
	0.984 0.014 0.001 0.001
	0.85 0.072 0.001 0.077
	0.001 0.015 0.979 0.005
	0.077 0.001 0.67 0.252
	0.145 0.483 0.001 0.371
	0.001 0.226 0.33 0.442
	0.839 0.001 0.001 0.159

Comparing motif motif_Train2_10 (12 positions) versus motif motif_Train6_11 (12 positions):
... distance motif_Train2_10 versus motif_Train6_11 is calculated as  0.113 at offsets 2/1

	Motif2: motif_Train7_10 (12 positions)
	0.994 0.004 0.001 0.001
	0.001 0.001 0.997 0.001
	0.81 0.005 0.184 0.001
	0.047 0.001 0.86 0.092
	0.997 0.001 0.001 0.001
	0.907 0.001 0.001 0.091
	0.902 0.001 0.001 0.096
	0.907 0.001 0.001 0.091
	0.001 0.092 0.904 0.003
	0.092 0.001 0.301 0.606
	0.092 0.712 0.001 0.195
	0.001 0.137 0.676 0.186

Comparing motif motif_Train2_10 (12 positions) versus motif motif_Train7_10 (12 positions):
... distance motif_Train2_10 versus motif_Train7_10 is calculated as  0.053 at offsets 1/1

	Motif2: motif_Train8_10 (12 positions)
	0.001 0.001 0.997 0.001
	0.986 0.001 0.012 0.001
	0.013 0.013 0.973 0.001
	0.986 0.012 0.001 0.001
	0.997 0.001 0.001 0.001
	0.973 0.013 0.001 0.013
	0.997 0.001 0.001 0.001
	0.013 0.001 0.973 0.013
	0.001 0.001 0.695 0.303
	0.001 0.986 0.001 0.012
	0.007 0.067 0.9 0.026
	0.947 0.001 0.001 0.051

Comparing motif motif_Train2_10 (12 positions) versus motif motif_Train8_10 (12 positions):
... distance motif_Train2_10 versus motif_Train8_10 is calculated as  0.001 at offsets 2/1

	Motif2: motif_Train9_10 (12 positions)
	0.987 0.011 0.001 0.001
	0.001 0.001 0.997 0.001
	0.987 0.011 0.001 0.001
	0.012 0.012 0.975 0.001
	0.997 0.001 0.001 0.001
	0.997 0.001 0.001 0.001
	0.987 0.001 0.001 0.011
	0.997 0.001 0.001 0.001
	0.024 0.001 0.974 0.001
	0.001 0.001 0.704 0.294
	0.001 0.974 0.001 0.024
	0.037 0.111 0.803 0.049

Comparing motif motif_Train2_10 (12 positions) versus motif motif_Train9_10 (12 positions):
... distance motif_Train2_10 versus motif_Train9_10 is calculated as  0.001 at offsets 1/1

Motif1: motif_Train3_11 (12 positions)
0.006 0.001 0.992 0.001
0.986 0.001 0.012 0.001
0.001 0.012 0.986 0.001
0.986 0.012 0.001 0.001
0.997 0.001 0.001 0.001
0.975 0.012 0.001 0.012
0.997 0.001 0.001 0.001
0.013 0.013 0.961 0.013
0.012 0.001 0.729 0.258
0.001 0.961 0.001 0.037
0.013 0.103 0.871 0.013
0.961 0.001 0.001 0.037

	Motif2: motif_Train4_11 (12 positions)
	0.001 0.001 0.997 0.001
	0.985 0.001 0.013 0.001
	0.001 0.001 0.997 0.001
	0.997 0.001 0.001 0.001
	0.997 0.001 0.001 0.001
	0.973 0.013 0.001 0.013
	0.997 0.001 0.001 0.001
	0.014 0.014 0.958 0.014
	0.001 0.001 0.774 0.224
	0.001 0.958 0.001 0.04
	0.014 0.122 0.823 0.041
	0.958 0.001 0.001 0.04

Comparing motif motif_Train3_11 (12 positions) versus motif motif_Train4_11 (12 positions):
... distance motif_Train3_11 versus motif_Train4_11 is calculated as  0.001 at offsets 1/1

	Motif2: motif_Train5_10 (12 positions)
	0.987 0.011 0.001 0.001
	0.011 0.001 0.987 0.001
	0.987 0.011 0.001 0.001
	0.012 0.012 0.975 0.001
	0.997 0.001 0.001 0.001
	0.997 0.001 0.001 0.001
	0.987 0.001 0.001 0.011
	0.997 0.001 0.001 0.001
	0.025 0.001 0.962 0.012
	0.001 0.001 0.754 0.244
	0.001 0.962 0.001 0.036
	0.037 0.091 0.822 0.05

Comparing motif motif_Train3_11 (12 positions) versus motif motif_Train5_10 (12 positions):
... distance motif_Train3_11 versus motif_Train5_10 is calculated as  0.001 at offsets 1/2

	Motif2: motif_Train6_11 (12 positions)
	0.071 0.001 0.927 0.001
	0.985 0.005 0.009 0.001
	0.01 0.005 0.912 0.073
	0.638 0.001 0.36 0.001
	0.997 0.001 0.001 0.001
	0.984 0.014 0.001 0.001
	0.85 0.072 0.001 0.077
	0.001 0.015 0.979 0.005
	0.077 0.001 0.67 0.252
	0.145 0.483 0.001 0.371
	0.001 0.226 0.33 0.442
	0.839 0.001 0.001 0.159

Comparing motif motif_Train3_11 (12 positions) versus motif motif_Train6_11 (12 positions):
... distance motif_Train3_11 versus motif_Train6_11 is calculated as  0.099 at offsets 1/1

	Motif2: motif_Train7_10 (12 positions)
	0.994 0.004 0.001 0.001
	0.001 0.001 0.997 0.001
	0.81 0.005 0.184 0.001
	0.047 0.001 0.86 0.092
	0.997 0.001 0.001 0.001
	0.907 0.001 0.001 0.091
	0.902 0.001 0.001 0.096
	0.907 0.001 0.001 0.091
	0.001 0.092 0.904 0.003
	0.092 0.001 0.301 0.606
	0.092 0.712 0.001 0.195
	0.001 0.137 0.676 0.186

Comparing motif motif_Train3_11 (12 positions) versus motif motif_Train7_10 (12 positions):
... distance motif_Train3_11 versus motif_Train7_10 is calculated as  0.056 at offsets 1/2

	Motif2: motif_Train8_10 (12 positions)
	0.001 0.001 0.997 0.001
	0.986 0.001 0.012 0.001
	0.013 0.013 0.973 0.001
	0.986 0.012 0.001 0.001
	0.997 0.001 0.001 0.001
	0.973 0.013 0.001 0.013
	0.997 0.001 0.001 0.001
	0.013 0.001 0.973 0.013
	0.001 0.001 0.695 0.303
	0.001 0.986 0.001 0.012
	0.007 0.067 0.9 0.026
	0.947 0.001 0.001 0.051

Comparing motif motif_Train3_11 (12 positions) versus motif motif_Train8_10 (12 positions):
... distance motif_Train3_11 versus motif_Train8_10 is calculated as  0.001 at offsets 1/1

	Motif2: motif_Train9_10 (12 positions)
	0.987 0.011 0.001 0.001
	0.001 0.001 0.997 0.001
	0.987 0.011 0.001 0.001
	0.012 0.012 0.975 0.001
	0.997 0.001 0.001 0.001
	0.997 0.001 0.001 0.001
	0.987 0.001 0.001 0.011
	0.997 0.001 0.001 0.001
	0.024 0.001 0.974 0.001
	0.001 0.001 0.704 0.294
	0.001 0.974 0.001 0.024
	0.037 0.111 0.803 0.049

Comparing motif motif_Train3_11 (12 positions) versus motif motif_Train9_10 (12 positions):
... distance motif_Train3_11 versus motif_Train9_10 is calculated as  0.001 at offsets 1/2

Motif1: motif_Train4_11 (12 positions)
0.001 0.001 0.997 0.001
0.985 0.001 0.013 0.001
0.001 0.001 0.997 0.001
0.997 0.001 0.001 0.001
0.997 0.001 0.001 0.001
0.973 0.013 0.001 0.013
0.997 0.001 0.001 0.001
0.014 0.014 0.958 0.014
0.001 0.001 0.774 0.224
0.001 0.958 0.001 0.04
0.014 0.122 0.823 0.041
0.958 0.001 0.001 0.04

	Motif2: motif_Train5_10 (12 positions)
	0.987 0.011 0.001 0.001
	0.011 0.001 0.987 0.001
	0.987 0.011 0.001 0.001
	0.012 0.012 0.975 0.001
	0.997 0.001 0.001 0.001
	0.997 0.001 0.001 0.001
	0.987 0.001 0.001 0.011
	0.997 0.001 0.001 0.001
	0.025 0.001 0.962 0.012
	0.001 0.001 0.754 0.244
	0.001 0.962 0.001 0.036
	0.037 0.091 0.822 0.05

Comparing motif motif_Train4_11 (12 positions) versus motif motif_Train5_10 (12 positions):
... distance motif_Train4_11 versus motif_Train5_10 is calculated as  0.000 at offsets 1/2

	Motif2: motif_Train6_11 (12 positions)
	0.071 0.001 0.927 0.001
	0.985 0.005 0.009 0.001
	0.01 0.005 0.912 0.073
	0.638 0.001 0.36 0.001
	0.997 0.001 0.001 0.001
	0.984 0.014 0.001 0.001
	0.85 0.072 0.001 0.077
	0.001 0.015 0.979 0.005
	0.077 0.001 0.67 0.252
	0.145 0.483 0.001 0.371
	0.001 0.226 0.33 0.442
	0.839 0.001 0.001 0.159

Comparing motif motif_Train4_11 (12 positions) versus motif motif_Train6_11 (12 positions):
... distance motif_Train4_11 versus motif_Train6_11 is calculated as  0.094 at offsets 1/1

	Motif2: motif_Train7_10 (12 positions)
	0.994 0.004 0.001 0.001
	0.001 0.001 0.997 0.001
	0.81 0.005 0.184 0.001
	0.047 0.001 0.86 0.092
	0.997 0.001 0.001 0.001
	0.907 0.001 0.001 0.091
	0.902 0.001 0.001 0.096
	0.907 0.001 0.001 0.091
	0.001 0.092 0.904 0.003
	0.092 0.001 0.301 0.606
	0.092 0.712 0.001 0.195
	0.001 0.137 0.676 0.186

Comparing motif motif_Train4_11 (12 positions) versus motif motif_Train7_10 (12 positions):
... distance motif_Train4_11 versus motif_Train7_10 is calculated as  0.060 at offsets 1/2

	Motif2: motif_Train8_10 (12 positions)
	0.001 0.001 0.997 0.001
	0.986 0.001 0.012 0.001
	0.013 0.013 0.973 0.001
	0.986 0.012 0.001 0.001
	0.997 0.001 0.001 0.001
	0.973 0.013 0.001 0.013
	0.997 0.001 0.001 0.001
	0.013 0.001 0.973 0.013
	0.001 0.001 0.695 0.303
	0.001 0.986 0.001 0.012
	0.007 0.067 0.9 0.026
	0.947 0.001 0.001 0.051

Comparing motif motif_Train4_11 (12 positions) versus motif motif_Train8_10 (12 positions):
... distance motif_Train4_11 versus motif_Train8_10 is calculated as  0.002 at offsets 1/1

	Motif2: motif_Train9_10 (12 positions)
	0.987 0.011 0.001 0.001
	0.001 0.001 0.997 0.001
	0.987 0.011 0.001 0.001
	0.012 0.012 0.975 0.001
	0.997 0.001 0.001 0.001
	0.997 0.001 0.001 0.001
	0.987 0.001 0.001 0.011
	0.997 0.001 0.001 0.001
	0.024 0.001 0.974 0.001
	0.001 0.001 0.704 0.294
	0.001 0.974 0.001 0.024
	0.037 0.111 0.803 0.049

Comparing motif motif_Train4_11 (12 positions) versus motif motif_Train9_10 (12 positions):
... distance motif_Train4_11 versus motif_Train9_10 is calculated as  0.001 at offsets 1/2

Motif1: motif_Train5_10 (12 positions)
0.987 0.011 0.001 0.001
0.011 0.001 0.987 0.001
0.987 0.011 0.001 0.001
0.012 0.012 0.975 0.001
0.997 0.001 0.001 0.001
0.997 0.001 0.001 0.001
0.987 0.001 0.001 0.011
0.997 0.001 0.001 0.001
0.025 0.001 0.962 0.012
0.001 0.001 0.754 0.244
0.001 0.962 0.001 0.036
0.037 0.091 0.822 0.05

	Motif2: motif_Train6_11 (12 positions)
	0.071 0.001 0.927 0.001
	0.985 0.005 0.009 0.001
	0.01 0.005 0.912 0.073
	0.638 0.001 0.36 0.001
	0.997 0.001 0.001 0.001
	0.984 0.014 0.001 0.001
	0.85 0.072 0.001 0.077
	0.001 0.015 0.979 0.005
	0.077 0.001 0.67 0.252
	0.145 0.483 0.001 0.371
	0.001 0.226 0.33 0.442
	0.839 0.001 0.001 0.159

Comparing motif motif_Train5_10 (12 positions) versus motif motif_Train6_11 (12 positions):
... distance motif_Train5_10 versus motif_Train6_11 is calculated as  0.100 at offsets 2/1

	Motif2: motif_Train7_10 (12 positions)
	0.994 0.004 0.001 0.001
	0.001 0.001 0.997 0.001
	0.81 0.005 0.184 0.001
	0.047 0.001 0.86 0.092
	0.997 0.001 0.001 0.001
	0.907 0.001 0.001 0.091
	0.902 0.001 0.001 0.096
	0.907 0.001 0.001 0.091
	0.001 0.092 0.904 0.003
	0.092 0.001 0.301 0.606
	0.092 0.712 0.001 0.195
	0.001 0.137 0.676 0.186

Comparing motif motif_Train5_10 (12 positions) versus motif motif_Train7_10 (12 positions):
... distance motif_Train5_10 versus motif_Train7_10 is calculated as  0.053 at offsets 1/1

	Motif2: motif_Train8_10 (12 positions)
	0.001 0.001 0.997 0.001
	0.986 0.001 0.012 0.001
	0.013 0.013 0.973 0.001
	0.986 0.012 0.001 0.001
	0.997 0.001 0.001 0.001
	0.973 0.013 0.001 0.013
	0.997 0.001 0.001 0.001
	0.013 0.001 0.973 0.013
	0.001 0.001 0.695 0.303
	0.001 0.986 0.001 0.012
	0.007 0.067 0.9 0.026
	0.947 0.001 0.001 0.051

Comparing motif motif_Train5_10 (12 positions) versus motif motif_Train8_10 (12 positions):
... distance motif_Train5_10 versus motif_Train8_10 is calculated as  0.002 at offsets 2/1

	Motif2: motif_Train9_10 (12 positions)
	0.987 0.011 0.001 0.001
	0.001 0.001 0.997 0.001
	0.987 0.011 0.001 0.001
	0.012 0.012 0.975 0.001
	0.997 0.001 0.001 0.001
	0.997 0.001 0.001 0.001
	0.987 0.001 0.001 0.011
	0.997 0.001 0.001 0.001
	0.024 0.001 0.974 0.001
	0.001 0.001 0.704 0.294
	0.001 0.974 0.001 0.024
	0.037 0.111 0.803 0.049

Comparing motif motif_Train5_10 (12 positions) versus motif motif_Train9_10 (12 positions):
... distance motif_Train5_10 versus motif_Train9_10 is calculated as  0.001 at offsets 1/1

Motif1: motif_Train6_11 (12 positions)
0.071 0.001 0.927 0.001
0.985 0.005 0.009 0.001
0.01 0.005 0.912 0.073
0.638 0.001 0.36 0.001
0.997 0.001 0.001 0.001
0.984 0.014 0.001 0.001
0.85 0.072 0.001 0.077
0.001 0.015 0.979 0.005
0.077 0.001 0.67 0.252
0.145 0.483 0.001 0.371
0.001 0.226 0.33 0.442
0.839 0.001 0.001 0.159

	Motif2: motif_Train7_10 (12 positions)
	0.994 0.004 0.001 0.001
	0.001 0.001 0.997 0.001
	0.81 0.005 0.184 0.001
	0.047 0.001 0.86 0.092
	0.997 0.001 0.001 0.001
	0.907 0.001 0.001 0.091
	0.902 0.001 0.001 0.096
	0.907 0.001 0.001 0.091
	0.001 0.092 0.904 0.003
	0.092 0.001 0.301 0.606
	0.092 0.712 0.001 0.195
	0.001 0.137 0.676 0.186

Comparing motif motif_Train6_11 (12 positions) versus motif motif_Train7_10 (12 positions):
... distance motif_Train6_11 versus motif_Train7_10 is calculated as  0.084 at offsets 1/2

	Motif2: motif_Train8_10 (12 positions)
	0.001 0.001 0.997 0.001
	0.986 0.001 0.012 0.001
	0.013 0.013 0.973 0.001
	0.986 0.012 0.001 0.001
	0.997 0.001 0.001 0.001
	0.973 0.013 0.001 0.013
	0.997 0.001 0.001 0.001
	0.013 0.001 0.973 0.013
	0.001 0.001 0.695 0.303
	0.001 0.986 0.001 0.012
	0.007 0.067 0.9 0.026
	0.947 0.001 0.001 0.051

Comparing motif motif_Train6_11 (12 positions) versus motif motif_Train8_10 (12 positions):
... distance motif_Train6_11 versus motif_Train8_10 is calculated as  0.105 at offsets 1/1

	Motif2: motif_Train9_10 (12 positions)
	0.987 0.011 0.001 0.001
	0.001 0.001 0.997 0.001
	0.987 0.011 0.001 0.001
	0.012 0.012 0.975 0.001
	0.997 0.001 0.001 0.001
	0.997 0.001 0.001 0.001
	0.987 0.001 0.001 0.011
	0.997 0.001 0.001 0.001
	0.024 0.001 0.974 0.001
	0.001 0.001 0.704 0.294
	0.001 0.974 0.001 0.024
	0.037 0.111 0.803 0.049

Comparing motif motif_Train6_11 (12 positions) versus motif motif_Train9_10 (12 positions):
... distance motif_Train6_11 versus motif_Train9_10 is calculated as  0.099 at offsets 1/2

Motif1: motif_Train7_10 (12 positions)
0.994 0.004 0.001 0.001
0.001 0.001 0.997 0.001
0.81 0.005 0.184 0.001
0.047 0.001 0.86 0.092
0.997 0.001 0.001 0.001
0.907 0.001 0.001 0.091
0.902 0.001 0.001 0.096
0.907 0.001 0.001 0.091
0.001 0.092 0.904 0.003
0.092 0.001 0.301 0.606
0.092 0.712 0.001 0.195
0.001 0.137 0.676 0.186

	Motif2: motif_Train8_10 (12 positions)
	0.001 0.001 0.997 0.001
	0.986 0.001 0.012 0.001
	0.013 0.013 0.973 0.001
	0.986 0.012 0.001 0.001
	0.997 0.001 0.001 0.001
	0.973 0.013 0.001 0.013
	0.997 0.001 0.001 0.001
	0.013 0.001 0.973 0.013
	0.001 0.001 0.695 0.303
	0.001 0.986 0.001 0.012
	0.007 0.067 0.9 0.026
	0.947 0.001 0.001 0.051

Comparing motif motif_Train7_10 (12 positions) versus motif motif_Train8_10 (12 positions):
... distance motif_Train7_10 versus motif_Train8_10 is calculated as  0.054 at offsets 2/1

	Motif2: motif_Train9_10 (12 positions)
	0.987 0.011 0.001 0.001
	0.001 0.001 0.997 0.001
	0.987 0.011 0.001 0.001
	0.012 0.012 0.975 0.001
	0.997 0.001 0.001 0.001
	0.997 0.001 0.001 0.001
	0.987 0.001 0.001 0.011
	0.997 0.001 0.001 0.001
	0.024 0.001 0.974 0.001
	0.001 0.001 0.704 0.294
	0.001 0.974 0.001 0.024
	0.037 0.111 0.803 0.049

Comparing motif motif_Train7_10 (12 positions) versus motif motif_Train9_10 (12 positions):
... distance motif_Train7_10 versus motif_Train9_10 is calculated as  0.047 at offsets 1/1

Motif1: motif_Train8_10 (12 positions)
0.001 0.001 0.997 0.001
0.986 0.001 0.012 0.001
0.013 0.013 0.973 0.001
0.986 0.012 0.001 0.001
0.997 0.001 0.001 0.001
0.973 0.013 0.001 0.013
0.997 0.001 0.001 0.001
0.013 0.001 0.973 0.013
0.001 0.001 0.695 0.303
0.001 0.986 0.001 0.012
0.007 0.067 0.9 0.026
0.947 0.001 0.001 0.051

	Motif2: motif_Train9_10 (12 positions)
	0.987 0.011 0.001 0.001
	0.001 0.001 0.997 0.001
	0.987 0.011 0.001 0.001
	0.012 0.012 0.975 0.001
	0.997 0.001 0.001 0.001
	0.997 0.001 0.001 0.001
	0.987 0.001 0.001 0.011
	0.997 0.001 0.001 0.001
	0.024 0.001 0.974 0.001
	0.001 0.001 0.704 0.294
	0.001 0.974 0.001 0.024
	0.037 0.111 0.803 0.049

Comparing motif motif_Train8_10 (12 positions) versus motif motif_Train9_10 (12 positions):
... distance motif_Train8_10 versus motif_Train9_10 is calculated as  0.001 at offsets 1/2

Motif1: motif_Train9_10 (12 positions)
0.987 0.011 0.001 0.001
0.001 0.001 0.997 0.001
0.987 0.011 0.001 0.001
0.012 0.012 0.975 0.001
0.997 0.001 0.001 0.001
0.997 0.001 0.001 0.001
0.987 0.001 0.001 0.011
0.997 0.001 0.001 0.001
0.024 0.001 0.974 0.001
0.001 0.001 0.704 0.294
0.001 0.974 0.001 0.024
0.037 0.111 0.803 0.049



Merging motifs motif_Train1_11 and motif_Train3_11 (distance  0.000 at offsets 1/1)

Determining pairwise distances for motif set:

Motif1: motif_10_11 (12 positions)
0.906 0.092 0.001 0.001
0.092 0.001 0.906 0.001
0.906 0.092 0.001 0.001
0.093 0.093 0.813 0.001
0.997 0.001 0.001 0.001
0.997 0.001 0.001 0.001
0.906 0.001 0.001 0.092
0.997 0.001 0.001 0.001
0.114 0.001 0.875 0.01
0.001 0.001 0.731 0.267
0.001 0.712 0.001 0.286
0.021 0.095 0.883 0.001

	Motif2: motif_Train1_11m (12 positions)
	0.0035 0.001 0.9945 0.001
	0.986 0.001 0.012 0.001
	0.001 0.0065 0.9915 0.001
	0.986 0.012 0.001 0.001
	0.997 0.001 0.001 0.001
	0.974 0.0125 0.001 0.0125
	0.997 0.001 0.001 0.001
	0.013 0.013 0.961 0.013
	0.0065 0.001 0.7235 0.269
	0.001 0.9605 0.001 0.0375
	0.013 0.117 0.8505 0.0195
	0.9605 0.001 0.001 0.0375

Comparing motif motif_10_11 (12 positions) versus motif motif_Train1_11m (12 positions):
... distance motif_10_11 versus motif_Train1_11m is calculated as  0.021 at offsets 2/1

	Motif2: motif_Train2_10 (12 positions)
	0.986 0.012 0.001 0.001
	0.001 0.001 0.997 0.001
	0.986 0.012 0.001 0.001
	0.001 0.001 0.997 0.001
	0.997 0.001 0.001 0.001
	0.997 0.001 0.001 0.001
	0.986 0.001 0.001 0.012
	0.997 0.001 0.001 0.001
	0.026 0.013 0.948 0.013
	0.013 0.001 0.719 0.267
	0.001 0.973 0.001 0.025
	0.039 0.067 0.893 0.001

Comparing motif motif_10_11 (12 positions) versus motif motif_Train2_10 (12 positions):
... distance motif_10_11 versus motif_Train2_10 is calculated as  0.021 at offsets 1/1

	Motif2: motif_Train4_11 (12 positions)
	0.001 0.001 0.997 0.001
	0.985 0.001 0.013 0.001
	0.001 0.001 0.997 0.001
	0.997 0.001 0.001 0.001
	0.997 0.001 0.001 0.001
	0.973 0.013 0.001 0.013
	0.997 0.001 0.001 0.001
	0.014 0.014 0.958 0.014
	0.001 0.001 0.774 0.224
	0.001 0.958 0.001 0.04
	0.014 0.122 0.823 0.041
	0.958 0.001 0.001 0.04

Comparing motif motif_10_11 (12 positions) versus motif motif_Train4_11 (12 positions):
... distance motif_10_11 versus motif_Train4_11 is calculated as  0.022 at offsets 2/1

	Motif2: motif_Train5_10 (12 positions)
	0.987 0.011 0.001 0.001
	0.011 0.001 0.987 0.001
	0.987 0.011 0.001 0.001
	0.012 0.012 0.975 0.001
	0.997 0.001 0.001 0.001
	0.997 0.001 0.001 0.001
	0.987 0.001 0.001 0.011
	0.997 0.001 0.001 0.001
	0.025 0.001 0.962 0.012
	0.001 0.001 0.754 0.244
	0.001 0.962 0.001 0.036
	0.037 0.091 0.822 0.05

Comparing motif motif_10_11 (12 positions) versus motif motif_Train5_10 (12 positions):
... distance motif_10_11 versus motif_Train5_10 is calculated as  0.020 at offsets 1/1

	Motif2: motif_Train6_11 (12 positions)
	0.071 0.001 0.927 0.001
	0.985 0.005 0.009 0.001
	0.01 0.005 0.912 0.073
	0.638 0.001 0.36 0.001
	0.997 0.001 0.001 0.001
	0.984 0.014 0.001 0.001
	0.85 0.072 0.001 0.077
	0.001 0.015 0.979 0.005
	0.077 0.001 0.67 0.252
	0.145 0.483 0.001 0.371
	0.001 0.226 0.33 0.442
	0.839 0.001 0.001 0.159

Comparing motif motif_10_11 (12 positions) versus motif motif_Train6_11 (12 positions):
... distance motif_10_11 versus motif_Train6_11 is calculated as  0.089 at offsets 2/1

	Motif2: motif_Train7_10 (12 positions)
	0.994 0.004 0.001 0.001
	0.001 0.001 0.997 0.001
	0.81 0.005 0.184 0.001
	0.047 0.001 0.86 0.092
	0.997 0.001 0.001 0.001
	0.907 0.001 0.001 0.091
	0.902 0.001 0.001 0.096
	0.907 0.001 0.001 0.091
	0.001 0.092 0.904 0.003
	0.092 0.001 0.301 0.606
	0.092 0.712 0.001 0.195
	0.001 0.137 0.676 0.186

Comparing motif motif_10_11 (12 positions) versus motif motif_Train7_10 (12 positions):
... distance motif_10_11 versus motif_Train7_10 is calculated as  0.047 at offsets 1/1

	Motif2: motif_Train8_10 (12 positions)
	0.001 0.001 0.997 0.001
	0.986 0.001 0.012 0.001
	0.013 0.013 0.973 0.001
	0.986 0.012 0.001 0.001
	0.997 0.001 0.001 0.001
	0.973 0.013 0.001 0.013
	0.997 0.001 0.001 0.001
	0.013 0.001 0.973 0.013
	0.001 0.001 0.695 0.303
	0.001 0.986 0.001 0.012
	0.007 0.067 0.9 0.026
	0.947 0.001 0.001 0.051

Comparing motif motif_10_11 (12 positions) versus motif motif_Train8_10 (12 positions):
... distance motif_10_11 versus motif_Train8_10 is calculated as  0.023 at offsets 2/1

	Motif2: motif_Train9_10 (12 positions)
	0.987 0.011 0.001 0.001
	0.001 0.001 0.997 0.001
	0.987 0.011 0.001 0.001
	0.012 0.012 0.975 0.001
	0.997 0.001 0.001 0.001
	0.997 0.001 0.001 0.001
	0.987 0.001 0.001 0.011
	0.997 0.001 0.001 0.001
	0.024 0.001 0.974 0.001
	0.001 0.001 0.704 0.294
	0.001 0.974 0.001 0.024
	0.037 0.111 0.803 0.049

Comparing motif motif_10_11 (12 positions) versus motif motif_Train9_10 (12 positions):
... distance motif_10_11 versus motif_Train9_10 is calculated as  0.022 at offsets 1/1

Motif1: motif_Train1_11m (12 positions)
0.0035 0.001 0.9945 0.001
0.986 0.001 0.012 0.001
0.001 0.0065 0.9915 0.001
0.986 0.012 0.001 0.001
0.997 0.001 0.001 0.001
0.974 0.0125 0.001 0.0125
0.997 0.001 0.001 0.001
0.013 0.013 0.961 0.013
0.0065 0.001 0.7235 0.269
0.001 0.9605 0.001 0.0375
0.013 0.117 0.8505 0.0195
0.9605 0.001 0.001 0.0375

	Motif2: motif_Train2_10 (12 positions)
	0.986 0.012 0.001 0.001
	0.001 0.001 0.997 0.001
	0.986 0.012 0.001 0.001
	0.001 0.001 0.997 0.001
	0.997 0.001 0.001 0.001
	0.997 0.001 0.001 0.001
	0.986 0.001 0.001 0.012
	0.997 0.001 0.001 0.001
	0.026 0.013 0.948 0.013
	0.013 0.001 0.719 0.267
	0.001 0.973 0.001 0.025
	0.039 0.067 0.893 0.001

Comparing motif motif_Train1_11m (12 positions) versus motif motif_Train2_10 (12 positions):
... distance motif_Train1_11m versus motif_Train2_10 is calculated as  0.001 at offsets 1/2

	Motif2: motif_Train4_11 (12 positions)
	0.001 0.001 0.997 0.001
	0.985 0.001 0.013 0.001
	0.001 0.001 0.997 0.001
	0.997 0.001 0.001 0.001
	0.997 0.001 0.001 0.001
	0.973 0.013 0.001 0.013
	0.997 0.001 0.001 0.001
	0.014 0.014 0.958 0.014
	0.001 0.001 0.774 0.224
	0.001 0.958 0.001 0.04
	0.014 0.122 0.823 0.041
	0.958 0.001 0.001 0.04

Comparing motif motif_Train1_11m (12 positions) versus motif motif_Train4_11 (12 positions):
... distance motif_Train1_11m versus motif_Train4_11 is calculated as  0.001 at offsets 1/1

	Motif2: motif_Train5_10 (12 positions)
	0.987 0.011 0.001 0.001
	0.011 0.001 0.987 0.001
	0.987 0.011 0.001 0.001
	0.012 0.012 0.975 0.001
	0.997 0.001 0.001 0.001
	0.997 0.001 0.001 0.001
	0.987 0.001 0.001 0.011
	0.997 0.001 0.001 0.001
	0.025 0.001 0.962 0.012
	0.001 0.001 0.754 0.244
	0.001 0.962 0.001 0.036
	0.037 0.091 0.822 0.05

Comparing motif motif_Train1_11m (12 positions) versus motif motif_Train5_10 (12 positions):
... distance motif_Train1_11m versus motif_Train5_10 is calculated as  0.001 at offsets 1/2

	Motif2: motif_Train6_11 (12 positions)
	0.071 0.001 0.927 0.001
	0.985 0.005 0.009 0.001
	0.01 0.005 0.912 0.073
	0.638 0.001 0.36 0.001
	0.997 0.001 0.001 0.001
	0.984 0.014 0.001 0.001
	0.85 0.072 0.001 0.077
	0.001 0.015 0.979 0.005
	0.077 0.001 0.67 0.252
	0.145 0.483 0.001 0.371
	0.001 0.226 0.33 0.442
	0.839 0.001 0.001 0.159

Comparing motif motif_Train1_11m (12 positions) versus motif motif_Train6_11 (12 positions):
... distance motif_Train1_11m versus motif_Train6_11 is calculated as  0.097 at offsets 1/1

	Motif2: motif_Train7_10 (12 positions)
	0.994 0.004 0.001 0.001
	0.001 0.001 0.997 0.001
	0.81 0.005 0.184 0.001
	0.047 0.001 0.86 0.092
	0.997 0.001 0.001 0.001
	0.907 0.001 0.001 0.091
	0.902 0.001 0.001 0.096
	0.907 0.001 0.001 0.091
	0.001 0.092 0.904 0.003
	0.092 0.001 0.301 0.606
	0.092 0.712 0.001 0.195
	0.001 0.137 0.676 0.186

Comparing motif motif_Train1_11m (12 positions) versus motif motif_Train7_10 (12 positions):
... distance motif_Train1_11m versus motif_Train7_10 is calculated as  0.054 at offsets 1/2

	Motif2: motif_Train8_10 (12 positions)
	0.001 0.001 0.997 0.001
	0.986 0.001 0.012 0.001
	0.013 0.013 0.973 0.001
	0.986 0.012 0.001 0.001
	0.997 0.001 0.001 0.001
	0.973 0.013 0.001 0.013
	0.997 0.001 0.001 0.001
	0.013 0.001 0.973 0.013
	0.001 0.001 0.695 0.303
	0.001 0.986 0.001 0.012
	0.007 0.067 0.9 0.026
	0.947 0.001 0.001 0.051

Comparing motif motif_Train1_11m (12 positions) versus motif motif_Train8_10 (12 positions):
... distance motif_Train1_11m versus motif_Train8_10 is calculated as  0.001 at offsets 1/1

	Motif2: motif_Train9_10 (12 positions)
	0.987 0.011 0.001 0.001
	0.001 0.001 0.997 0.001
	0.987 0.011 0.001 0.001
	0.012 0.012 0.975 0.001
	0.997 0.001 0.001 0.001
	0.997 0.001 0.001 0.001
	0.987 0.001 0.001 0.011
	0.997 0.001 0.001 0.001
	0.024 0.001 0.974 0.001
	0.001 0.001 0.704 0.294
	0.001 0.974 0.001 0.024
	0.037 0.111 0.803 0.049

Comparing motif motif_Train1_11m (12 positions) versus motif motif_Train9_10 (12 positions):
... distance motif_Train1_11m versus motif_Train9_10 is calculated as  0.001 at offsets 1/2

Motif1: motif_Train2_10 (12 positions)
0.986 0.012 0.001 0.001
0.001 0.001 0.997 0.001
0.986 0.012 0.001 0.001
0.001 0.001 0.997 0.001
0.997 0.001 0.001 0.001
0.997 0.001 0.001 0.001
0.986 0.001 0.001 0.012
0.997 0.001 0.001 0.001
0.026 0.013 0.948 0.013
0.013 0.001 0.719 0.267
0.001 0.973 0.001 0.025
0.039 0.067 0.893 0.001

	Motif2: motif_Train4_11 (12 positions)
	0.001 0.001 0.997 0.001
	0.985 0.001 0.013 0.001
	0.001 0.001 0.997 0.001
	0.997 0.001 0.001 0.001
	0.997 0.001 0.001 0.001
	0.973 0.013 0.001 0.013
	0.997 0.001 0.001 0.001
	0.014 0.014 0.958 0.014
	0.001 0.001 0.774 0.224
	0.001 0.958 0.001 0.04
	0.014 0.122 0.823 0.041
	0.958 0.001 0.001 0.04

Comparing motif motif_Train2_10 (12 positions) versus motif motif_Train4_11 (12 positions):
... distance motif_Train2_10 versus motif_Train4_11 is calculated as  0.001 at offsets 2/1

	Motif2: motif_Train5_10 (12 positions)
	0.987 0.011 0.001 0.001
	0.011 0.001 0.987 0.001
	0.987 0.011 0.001 0.001
	0.012 0.012 0.975 0.001
	0.997 0.001 0.001 0.001
	0.997 0.001 0.001 0.001
	0.987 0.001 0.001 0.011
	0.997 0.001 0.001 0.001
	0.025 0.001 0.962 0.012
	0.001 0.001 0.754 0.244
	0.001 0.962 0.001 0.036
	0.037 0.091 0.822 0.05

Comparing motif motif_Train2_10 (12 positions) versus motif motif_Train5_10 (12 positions):
... distance motif_Train2_10 versus motif_Train5_10 is calculated as  0.001 at offsets 1/1

	Motif2: motif_Train6_11 (12 positions)
	0.071 0.001 0.927 0.001
	0.985 0.005 0.009 0.001
	0.01 0.005 0.912 0.073
	0.638 0.001 0.36 0.001
	0.997 0.001 0.001 0.001
	0.984 0.014 0.001 0.001
	0.85 0.072 0.001 0.077
	0.001 0.015 0.979 0.005
	0.077 0.001 0.67 0.252
	0.145 0.483 0.001 0.371
	0.001 0.226 0.33 0.442
	0.839 0.001 0.001 0.159

Comparing motif motif_Train2_10 (12 positions) versus motif motif_Train6_11 (12 positions):
... distance motif_Train2_10 versus motif_Train6_11 is calculated as  0.113 at offsets 2/1

	Motif2: motif_Train7_10 (12 positions)
	0.994 0.004 0.001 0.001
	0.001 0.001 0.997 0.001
	0.81 0.005 0.184 0.001
	0.047 0.001 0.86 0.092
	0.997 0.001 0.001 0.001
	0.907 0.001 0.001 0.091
	0.902 0.001 0.001 0.096
	0.907 0.001 0.001 0.091
	0.001 0.092 0.904 0.003
	0.092 0.001 0.301 0.606
	0.092 0.712 0.001 0.195
	0.001 0.137 0.676 0.186

Comparing motif motif_Train2_10 (12 positions) versus motif motif_Train7_10 (12 positions):
... distance motif_Train2_10 versus motif_Train7_10 is calculated as  0.053 at offsets 1/1

	Motif2: motif_Train8_10 (12 positions)
	0.001 0.001 0.997 0.001
	0.986 0.001 0.012 0.001
	0.013 0.013 0.973 0.001
	0.986 0.012 0.001 0.001
	0.997 0.001 0.001 0.001
	0.973 0.013 0.001 0.013
	0.997 0.001 0.001 0.001
	0.013 0.001 0.973 0.013
	0.001 0.001 0.695 0.303
	0.001 0.986 0.001 0.012
	0.007 0.067 0.9 0.026
	0.947 0.001 0.001 0.051

Comparing motif motif_Train2_10 (12 positions) versus motif motif_Train8_10 (12 positions):
... distance motif_Train2_10 versus motif_Train8_10 is calculated as  0.001 at offsets 2/1

	Motif2: motif_Train9_10 (12 positions)
	0.987 0.011 0.001 0.001
	0.001 0.001 0.997 0.001
	0.987 0.011 0.001 0.001
	0.012 0.012 0.975 0.001
	0.997 0.001 0.001 0.001
	0.997 0.001 0.001 0.001
	0.987 0.001 0.001 0.011
	0.997 0.001 0.001 0.001
	0.024 0.001 0.974 0.001
	0.001 0.001 0.704 0.294
	0.001 0.974 0.001 0.024
	0.037 0.111 0.803 0.049

Comparing motif motif_Train2_10 (12 positions) versus motif motif_Train9_10 (12 positions):
... distance motif_Train2_10 versus motif_Train9_10 is calculated as  0.001 at offsets 1/1

Motif1: motif_Train4_11 (12 positions)
0.001 0.001 0.997 0.001
0.985 0.001 0.013 0.001
0.001 0.001 0.997 0.001
0.997 0.001 0.001 0.001
0.997 0.001 0.001 0.001
0.973 0.013 0.001 0.013
0.997 0.001 0.001 0.001
0.014 0.014 0.958 0.014
0.001 0.001 0.774 0.224
0.001 0.958 0.001 0.04
0.014 0.122 0.823 0.041
0.958 0.001 0.001 0.04

	Motif2: motif_Train5_10 (12 positions)
	0.987 0.011 0.001 0.001
	0.011 0.001 0.987 0.001
	0.987 0.011 0.001 0.001
	0.012 0.012 0.975 0.001
	0.997 0.001 0.001 0.001
	0.997 0.001 0.001 0.001
	0.987 0.001 0.001 0.011
	0.997 0.001 0.001 0.001
	0.025 0.001 0.962 0.012
	0.001 0.001 0.754 0.244
	0.001 0.962 0.001 0.036
	0.037 0.091 0.822 0.05

Comparing motif motif_Train4_11 (12 positions) versus motif motif_Train5_10 (12 positions):
... distance motif_Train4_11 versus motif_Train5_10 is calculated as  0.000 at offsets 1/2

	Motif2: motif_Train6_11 (12 positions)
	0.071 0.001 0.927 0.001
	0.985 0.005 0.009 0.001
	0.01 0.005 0.912 0.073
	0.638 0.001 0.36 0.001
	0.997 0.001 0.001 0.001
	0.984 0.014 0.001 0.001
