>GCAGACGA	1-GCAGACGA	8.661377	-1355.941524	0	T:1458.0(8.61%),B:500.9(1.55%),P:1e-588	Tpos:77.6,Tstd:28.8,Bpos:75.0,Bstd:48.7,StrandBias:-0.3,Multiplicity:1.03
0.001	0.001	0.997	0.001
0.001	0.997	0.001	0.001
0.997	0.001	0.001	0.001
0.001	0.001	0.997	0.001
0.997	0.001	0.001	0.001
0.001	0.997	0.001	0.001
0.001	0.001	0.908	0.090
0.997	0.001	0.001	0.001
>TAGATGGC	2-TAGATGGC	7.453416	-865.101607	0	T:1356.0(8.01%),B:669.8(2.07%),P:1e-375	Tpos:48.8,Tstd:29.0,Bpos:76.3,Bstd:46.5,StrandBias:0.9,Multiplicity:1.05
0.001	0.132	0.001	0.866
0.997	0.001	0.001	0.001
0.001	0.001	0.997	0.001
0.850	0.001	0.148	0.001
0.001	0.001	0.043	0.955
0.001	0.001	0.997	0.001
0.001	0.001	0.842	0.156
0.001	0.997	0.001	0.001
>YGTCTGCT	3-YGTCTGCT	7.385623	-762.719286	0	T:2537.0(14.98%),B:2090.4(6.46%),P:1e-331	Tpos:83.9,Tstd:36.4,Bpos:75.4,Bstd:48.0,StrandBias:-0.2,Multiplicity:1.07
0.001	0.439	0.001	0.559
0.001	0.001	0.700	0.298
0.340	0.001	0.001	0.658
0.001	0.791	0.001	0.207
0.348	0.001	0.001	0.650
0.207	0.001	0.791	0.001
0.146	0.852	0.001	0.001
0.001	0.001	0.001	0.997
>AGGTGGCG	4-AGGTGGCG	8.642215	-535.442506	0	T:1012.0(5.98%),B:575.4(1.78%),P:1e-232	Tpos:57.1,Tstd:34.5,Bpos:75.8,Bstd:49.2,StrandBias:0.2,Multiplicity:1.01
0.997	0.001	0.001	0.001
0.001	0.001	0.997	0.001
0.219	0.001	0.779	0.001
0.001	0.001	0.001	0.997
0.001	0.001	0.997	0.001
0.001	0.001	0.997	0.001
0.001	0.997	0.001	0.001
0.113	0.001	0.740	0.146
>GACTGAMR	5-GACTGAMR	5.635520	-522.412340	0	T:5912.0(34.91%),B:7728.1(23.89%),P:1e-226	Tpos:84.6,Tstd:38.1,Bpos:75.4,Bstd:49.6,StrandBias:-1.0,Multiplicity:1.13
0.421	0.001	0.577	0.001
0.960	0.001	0.001	0.038
0.087	0.911	0.001	0.001
0.001	0.015	0.001	0.983
0.255	0.037	0.662	0.046
0.769	0.124	0.106	0.001
0.351	0.304	0.165	0.180
0.273	0.162	0.410	0.155
>TGGCAACG	6-TGGCAACG	8.528090	-497.898290	0	T:1237.0(7.31%),B:848.9(2.62%),P:1e-216	Tpos:61.0,Tstd:30.7,Bpos:71.9,Bstd:47.0,StrandBias:1.8,Multiplicity:1.05
0.001	0.001	0.001	0.997
0.001	0.001	0.997	0.001
0.001	0.001	0.997	0.001
0.001	0.997	0.001	0.001
0.997	0.001	0.001	0.001
0.997	0.001	0.001	0.001
0.001	0.863	0.001	0.135
0.169	0.001	0.739	0.091
>CGACTGAC	7-CGACTGAC	5.852196	-465.316132	0	T:3340.0(19.72%),B:3755.3(11.61%),P:1e-202	Tpos:91.2,Tstd:32.4,Bpos:74.8,Bstd:49.5,StrandBias:-1.5,Multiplicity:1.11
0.152	0.690	0.082	0.076
0.192	0.039	0.698	0.071
0.898	0.026	0.014	0.062
0.068	0.801	0.109	0.022
0.098	0.034	0.026	0.842
0.074	0.031	0.858	0.037
0.783	0.103	0.049	0.065
0.209	0.433	0.183	0.175
>GTATAAAA	8-GTATAAAA	9.005754	-449.386865	0	T:876.0(5.17%),B:508.3(1.57%),P:1e-195	Tpos:70.5,Tstd:19.5,Bpos:75.6,Bstd:46.7,StrandBias:2.9,Multiplicity:1.00
0.001	0.001	0.997	0.001
0.001	0.001	0.001	0.997
0.997	0.001	0.001	0.001
0.001	0.001	0.001	0.997
0.997	0.001	0.001	0.001
0.871	0.001	0.001	0.127
0.997	0.001	0.001	0.001
0.997	0.001	0.001	0.001
>GCCGCTAG	9-GCCGCTAG	6.993932	-392.690641	0	T:989.0(5.84%),B:681.5(2.11%),P:1e-170	Tpos:57.3,Tstd:33.4,Bpos:75.1,Bstd:44.8,StrandBias:0.9,Multiplicity:1.04
0.276	0.027	0.638	0.059
0.069	0.823	0.057	0.051
0.001	0.989	0.009	0.001
0.012	0.035	0.923	0.030
0.012	0.968	0.013	0.007
0.103	0.014	0.001	0.882
0.985	0.001	0.001	0.013
0.001	0.008	0.975	0.016
>TATAAAAT	10-TATAAAAT	5.975519	-326.215943	0	T:4275.0(25.25%),B:5647.0(17.46%),P:1e-141	Tpos:60.5,Tstd:38.9,Bpos:75.7,Bstd:45.0,StrandBias:0.4,Multiplicity:1.18
0.038	0.016	0.207	0.739
0.722	0.064	0.156	0.058
0.093	0.050	0.049	0.808
0.840	0.059	0.043	0.058
0.779	0.028	0.030	0.163
0.784	0.020	0.176	0.020
0.741	0.087	0.075	0.097
0.280	0.046	0.085	0.589
>CAACGCTG	11-CAACGCTG	10.135377	-235.804554	0	T:413.0(2.44%),B:220.6(0.68%),P:1e-102	Tpos:64.0,Tstd:33.1,Bpos:68.6,Bstd:47.2,StrandBias:0.4,Multiplicity:1.01
0.001	0.997	0.001	0.001
0.997	0.001	0.001	0.001
0.997	0.001	0.001	0.001
0.001	0.997	0.001	0.001
0.001	0.001	0.997	0.001
0.001	0.605	0.001	0.393
0.001	0.001	0.001	0.997
0.001	0.001	0.997	0.001
>AAAATGGC	12-AAAATGGC	8.932252	-230.093973	0	T:994.0(5.87%),B:902.9(2.79%),P:1e-99	Tpos:86.0,Tstd:39.0,Bpos:73.4,Bstd:42.4,StrandBias:0.4,Multiplicity:1.01
0.997	0.001	0.001	0.001
0.997	0.001	0.001	0.001
0.535	0.149	0.198	0.118
0.997	0.001	0.001	0.001
0.001	0.001	0.001	0.997
0.001	0.001	0.997	0.001
0.001	0.001	0.997	0.001
0.001	0.997	0.001	0.001
>ATCTGGCA	13-ATCTGGCA	8.707706	-224.950585	0	T:751.0(4.44%),B:603.6(1.87%),P:1e-97	Tpos:69.7,Tstd:37.9,Bpos:75.8,Bstd:43.0,StrandBias:0.6,Multiplicity:1.02
0.997	0.001	0.001	0.001
0.001	0.001	0.001	0.997
0.001	0.852	0.001	0.146
0.001	0.152	0.001	0.846
0.001	0.001	0.997	0.001
0.001	0.001	0.868	0.130
0.001	0.997	0.001	0.001
0.997	0.001	0.001	0.001
>TTGTTTAT	14-TTGTTTAT	4.241533	-163.895588	0	T:1576.0(9.31%),B:1883.4(5.82%),P:1e-71	Tpos:75.4,Tstd:39.4,Bpos:74.5,Bstd:47.8,StrandBias:0.6,Multiplicity:1.07
0.001	0.135	0.283	0.581
0.001	0.001	0.001	0.997
0.001	0.001	0.997	0.001
0.001	0.001	0.001	0.997
0.001	0.001	0.001	0.997
0.001	0.001	0.001	0.997
0.997	0.001	0.001	0.001
0.001	0.291	0.008	0.700
>GCGCCACC	15-GCGCCACC	7.964456	-138.923974	0	T:437.0(2.58%),B:340.1(1.05%),P:1e-60	Tpos:59.2,Tstd:33.2,Bpos:76.9,Bstd:45.3,StrandBias:-0.1,Multiplicity:1.04
0.001	0.001	0.997	0.001
0.001	0.997	0.001	0.001
0.001	0.001	0.997	0.001
0.001	0.997	0.001	0.001
0.001	0.845	0.001	0.153
0.934	0.064	0.001	0.001
0.001	0.997	0.001	0.001
0.001	0.824	0.001	0.174
>TGTCAAAW	16-TGTCAAAW	8.249844	-136.394695	0	T:1290.0(7.62%),B:1531.6(4.74%),P:1e-59	Tpos:83.6,Tstd:40.2,Bpos:71.8,Bstd:49.3,StrandBias:-0.1,Multiplicity:1.05
0.001	0.001	0.001	0.997
0.001	0.001	0.997	0.001
0.207	0.001	0.001	0.791
0.001	0.997	0.001	0.001
0.997	0.001	0.001	0.001
0.760	0.001	0.238	0.001
0.681	0.262	0.001	0.056
0.537	0.001	0.001	0.461
>AACACGTG	17-AACACGTG	6.321314	-112.764807	0	T:1166.0(6.89%),B:1415.3(4.38%),P:1e-48	Tpos:87.3,Tstd:43.9,Bpos:74.1,Bstd:48.1,StrandBias:-0.2,Multiplicity:1.03
0.693	0.179	0.055	0.073
0.762	0.159	0.064	0.015
0.077	0.898	0.001	0.024
0.997	0.001	0.001	0.001
0.048	0.930	0.021	0.001
0.019	0.001	0.979	0.001
0.001	0.012	0.001	0.986
0.020	0.018	0.889	0.073
>TCAAAACA	18-TCAAAACA	6.987808	-109.361406	0	T:1502.0(8.87%),B:1951.8(6.03%),P:1e-47	Tpos:76.7,Tstd:41.2,Bpos:73.6,Bstd:47.5,StrandBias:-0.1,Multiplicity:1.05
0.001	0.001	0.001	0.997
0.001	0.896	0.102	0.001
0.997	0.001	0.001	0.001
0.630	0.183	0.001	0.186
0.997	0.001	0.001	0.001
0.997	0.001	0.001	0.001
0.001	0.997	0.001	0.001
0.899	0.001	0.001	0.099
>CCTCCCCC	19-CCTCCCCC	6.023585	-106.900506	0	T:3146.0(18.58%),B:4704.7(14.55%),P:1e-46	Tpos:59.0,Tstd:38.2,Bpos:75.0,Bstd:42.8,StrandBias:-0.1,Multiplicity:1.27
0.076	0.919	0.004	0.001
0.001	0.763	0.001	0.235
0.132	0.001	0.241	0.626
0.059	0.939	0.001	0.001
0.001	0.997	0.001	0.001
0.001	0.576	0.004	0.419
0.179	0.521	0.001	0.299
0.001	0.680	0.001	0.318
>CCGACACG	20-CCGACACG	8.236954	-90.906083	0	T:181.0(1.07%),B:107.0(0.33%),P:1e-39	Tpos:111.8,Tstd:27.6,Bpos:79.8,Bstd:52.9,StrandBias:2.1,Multiplicity:1.01
0.100	0.700	0.100	0.100
0.100	0.700	0.100	0.100
0.100	0.100	0.700	0.100
0.700	0.100	0.100	0.100
0.100	0.700	0.100	0.100
0.700	0.100	0.100	0.100
0.100	0.700	0.100	0.100
0.100	0.100	0.700	0.100
>CCCTNAGG	21-CCCTNAGG	7.192975	-83.635884	0	T:335.0(1.98%),B:295.0(0.91%),P:1e-36	Tpos:54.3,Tstd:36.0,Bpos:75.3,Bstd:42.6,StrandBias:0.0,Multiplicity:1.00
0.123	0.696	0.180	0.001
0.001	0.997	0.001	0.001
0.001	0.997	0.001	0.001
0.123	0.099	0.001	0.777
0.215	0.338	0.214	0.232
0.466	0.189	0.206	0.139
0.001	0.001	0.997	0.001
0.001	0.139	0.859	0.001
>CAGCTGAT	22-CAGCTGAT	8.533792	-68.426897	0	T:583.0(3.44%),B:671.3(2.08%),P:1e-29	Tpos:73.8,Tstd:37.5,Bpos:80.4,Bstd:46.1,StrandBias:-0.1,Multiplicity:1.03
0.001	0.997	0.001	0.001
0.997	0.001	0.001	0.001
0.001	0.001	0.997	0.001
0.001	0.997	0.001	0.001
0.001	0.101	0.001	0.897
0.001	0.001	0.997	0.001
0.782	0.001	0.001	0.216
0.001	0.001	0.001	0.997
>AGTGAGAA	23-AGTGAGAA	8.322609	-64.898215	0	T:599.0(3.54%),B:705.9(2.18%),P:1e-28	Tpos:81.4,Tstd:37.0,Bpos:75.8,Bstd:47.0,StrandBias:0.9,Multiplicity:1.09
0.643	0.001	0.355	0.001
0.001	0.212	0.786	0.001
0.001	0.001	0.001	0.997
0.001	0.021	0.977	0.001
0.980	0.001	0.018	0.001
0.001	0.005	0.811	0.183
0.611	0.387	0.001	0.001
0.974	0.001	0.001	0.024
>CTTAAGAG	24-CTTAAGAG	8.236954	-58.803648	0	T:103.0(0.61%),B:56.7(0.18%),P:1e-25	Tpos:61.4,Tstd:35.7,Bpos:79.2,Bstd:44.7,StrandBias:1.7,Multiplicity:1.00
0.100	0.700	0.100	0.100
0.100	0.100	0.100	0.700
0.100	0.100	0.100	0.700
0.700	0.100	0.100	0.100
0.700	0.100	0.100	0.100
0.100	0.100	0.700	0.100
0.700	0.100	0.100	0.100
0.100	0.100	0.700	0.100
>CTATCGAT	25-CTATCGAT	7.380443	-32.211747	0	T:303.0(1.79%),B:361.5(1.12%),P:1e-13	Tpos:50.0,Tstd:30.0,Bpos:76.9,Bstd:43.4,StrandBias:0.1,Multiplicity:1.12
0.080	0.894	0.025	0.001
0.001	0.001	0.001	0.997
0.997	0.001	0.001	0.001
0.001	0.001	0.001	0.997
0.001	0.997	0.001	0.001
0.001	0.001	0.997	0.001
0.997	0.001	0.001	0.001
0.001	0.001	0.001	0.997
