>TAGCAGACGA	1-TAGCAGACGA	7.475609	-1717.378519	0	T:1759.0(10.39%),B:575.4(1.78%),P:1e-745	Tpos:78.9,Tstd:28.4,Bpos:76.4,Bstd:50.1,StrandBias:-0.3,Multiplicity:1.04
0.229	0.087	0.085	0.599
0.924	0.001	0.011	0.064
0.001	0.001	0.997	0.001
0.001	0.997	0.001	0.001
0.994	0.001	0.004	0.001
0.001	0.001	0.995	0.003
0.980	0.008	0.002	0.010
0.019	0.977	0.003	0.001
0.054	0.001	0.858	0.087
0.965	0.020	0.001	0.014
>CTAGATGGCG	2-CTAGATGGCG	7.948104	-1088.468989	0	T:1462.0(8.63%),B:630.1(1.95%),P:1e-472	Tpos:50.6,Tstd:29.7,Bpos:76.8,Bstd:46.6,StrandBias:0.9,Multiplicity:1.06
0.315	0.547	0.068	0.070
0.070	0.161	0.051	0.718
0.997	0.001	0.001	0.001
0.014	0.001	0.984	0.001
0.783	0.004	0.212	0.001
0.001	0.001	0.069	0.929
0.001	0.001	0.997	0.001
0.019	0.024	0.775	0.182
0.021	0.929	0.001	0.049
0.104	0.085	0.600	0.211
>GTATAAAAGG	3-GTATAAAAGG	8.644088	-649.622318	0	T:817.0(4.82%),B:326.5(1.01%),P:1e-282	Tpos:71.9,Tstd:17.5,Bpos:76.7,Bstd:42.7,StrandBias:3.2,Multiplicity:1.00
0.128	0.078	0.750	0.044
0.007	0.027	0.033	0.933
0.930	0.026	0.029	0.015
0.019	0.023	0.018	0.940
0.930	0.009	0.011	0.050
0.575	0.042	0.062	0.321
0.922	0.007	0.064	0.007
0.765	0.044	0.047	0.144
0.307	0.033	0.547	0.113
0.073	0.160	0.711	0.056
>ATYTGGCAAC	4-ATYTGGCAAC	8.647834	-647.325445	0	T:1098.0(6.48%),B:575.8(1.78%),P:1e-281	Tpos:62.8,Tstd:33.4,Bpos:71.3,Bstd:44.7,StrandBias:1.6,Multiplicity:1.02
0.830	0.001	0.168	0.001
0.152	0.191	0.098	0.559
0.141	0.372	0.050	0.437
0.001	0.001	0.001	0.997
0.001	0.001	0.997	0.001
0.270	0.001	0.614	0.115
0.001	0.997	0.001	0.001
0.997	0.001	0.001	0.001
0.698	0.001	0.161	0.140
0.022	0.733	0.001	0.244
>TCAGTYGNYN	5-TCAGTYGNYN	4.995820	-628.850173	0	T:5976.0(35.29%),B:7518.2(23.25%),P:1e-273	Tpos:88.1,Tstd:36.2,Bpos:75.5,Bstd:48.4,StrandBias:1.2,Multiplicity:1.18
0.125	0.074	0.169	0.632
0.049	0.599	0.076	0.276
0.868	0.010	0.021	0.101
0.024	0.066	0.853	0.057
0.139	0.166	0.047	0.648
0.106	0.487	0.061	0.346
0.167	0.174	0.440	0.219
0.221	0.210	0.225	0.344
0.103	0.308	0.197	0.392
0.269	0.218	0.197	0.316
>GGCAACGTTG	6-GGCAACGTTG	8.118939	-606.240577	0	T:909.0(5.37%),B:428.0(1.32%),P:1e-263	Tpos:60.2,Tstd:28.2,Bpos:72.8,Bstd:46.1,StrandBias:1.3,Multiplicity:1.02
0.141	0.068	0.698	0.093
0.175	0.014	0.730	0.081
0.001	0.908	0.089	0.002
0.923	0.001	0.075	0.001
0.739	0.001	0.187	0.073
0.001	0.817	0.071	0.111
0.160	0.070	0.684	0.086
0.035	0.372	0.061	0.532
0.192	0.078	0.019	0.711
0.014	0.078	0.860	0.048
>CCGCYAGDBG	7-CCGCYAGDBG	6.162469	-553.196488	0	T:1188.0(7.02%),B:741.3(2.29%),P:1e-240	Tpos:57.0,Tstd:31.9,Bpos:74.5,Bstd:44.3,StrandBias:0.7,Multiplicity:1.03
0.143	0.548	0.063	0.246
0.022	0.599	0.174	0.205
0.310	0.041	0.630	0.019
0.150	0.439	0.224	0.187
0.124	0.327	0.125	0.424
0.955	0.036	0.001	0.008
0.037	0.013	0.797	0.153
0.378	0.005	0.353	0.263
0.143	0.246	0.362	0.248
0.184	0.101	0.476	0.240
>TCCGACACGG	8-TCCGACACGG	10.296193	-295.524917	0	T:117.0(0.69%),B:8.0(0.02%),P:1e-128	Tpos:118.9,Tstd:15.5,Bpos:78.8,Bstd:43.6,StrandBias:6.9,Multiplicity:1.00
0.100	0.100	0.100	0.700
0.100	0.700	0.100	0.100
0.100	0.700	0.100	0.100
0.100	0.100	0.700	0.100
0.700	0.100	0.100	0.100
0.100	0.700	0.100	0.100
0.700	0.100	0.100	0.100
0.100	0.700	0.100	0.100
0.100	0.100	0.700	0.100
0.100	0.100	0.700	0.100
>TCAGTCGWCT	9-TCAGTCGWCT	8.198047	-248.245812	0	T:365.0(2.16%),B:168.1(0.52%),P:1e-107	Tpos:98.9,Tstd:23.4,Bpos:80.5,Bstd:50.6,StrandBias:0.9,Multiplicity:1.01
0.101	0.041	0.248	0.610
0.119	0.729	0.063	0.089
0.986	0.001	0.001	0.012
0.001	0.296	0.702	0.001
0.168	0.154	0.063	0.615
0.231	0.653	0.001	0.115
0.088	0.058	0.779	0.075
0.428	0.085	0.183	0.304
0.017	0.575	0.337	0.071
0.127	0.011	0.278	0.584
>AAAATGGCGG	10-AAAATGGCGG	9.171680	-207.080164	0	T:490.0(2.89%),B:323.7(1.00%),P:1e-89	Tpos:89.9,Tstd:35.7,Bpos:73.0,Bstd:42.7,StrandBias:0.1,Multiplicity:1.00
0.967	0.001	0.001	0.031
0.946	0.001	0.008	0.045
0.780	0.088	0.042	0.090
0.997	0.001	0.001	0.001
0.001	0.001	0.001	0.997
0.001	0.003	0.995	0.001
0.001	0.001	0.997	0.001
0.039	0.959	0.001	0.001
0.020	0.311	0.628	0.041
0.159	0.028	0.812	0.001
>CCCYAAGGCT	11-CCCYAAGGCT	10.052250	-203.805594	0	T:152.0(0.90%),B:32.7(0.10%),P:1e-88	Tpos:43.5,Tstd:24.1,Bpos:66.7,Bstd:47.0,StrandBias:3.3,Multiplicity:1.00
0.157	0.797	0.023	0.023
0.009	0.928	0.062	0.001
0.001	0.736	0.262	0.001
0.009	0.448	0.009	0.534
0.795	0.001	0.163	0.041
0.866	0.124	0.009	0.001
0.108	0.001	0.890	0.001
0.001	0.018	0.963	0.018
0.001	0.827	0.009	0.163
0.189	0.041	0.009	0.761
>AGGTCAGGGT	12-AGGTCAGGGT	9.970003	-180.897869	0	T:98.0(0.58%),B:12.2(0.04%),P:1e-78	Tpos:53.6,Tstd:12.3,Bpos:69.8,Bstd:46.9,StrandBias:5.0,Multiplicity:1.00
0.625	0.001	0.371	0.003
0.058	0.045	0.854	0.043
0.012	0.129	0.595	0.264
0.170	0.091	0.213	0.526
0.002	0.629	0.368	0.001
0.839	0.018	0.037	0.106
0.001	0.006	0.727	0.266
0.102	0.056	0.693	0.149
0.090	0.012	0.864	0.034
0.021	0.033	0.038	0.908
>CCCTCCYYCT	13-CCCTCCYYCT	6.487943	-162.294102	0	T:2362.0(13.95%),B:3126.8(9.67%),P:1e-70	Tpos:56.3,Tstd:37.3,Bpos:75.7,Bstd:42.4,StrandBias:-0.0,Multiplicity:1.18
0.074	0.604	0.089	0.233
0.208	0.790	0.001	0.001
0.038	0.812	0.001	0.149
0.327	0.001	0.108	0.564
0.001	0.997	0.001	0.001
0.001	0.997	0.001	0.001
0.001	0.536	0.001	0.462
0.150	0.480	0.001	0.369
0.001	0.689	0.001	0.309
0.085	0.336	0.001	0.578
>CATTATCAAG	14-CATTATCAAG	10.293005	-113.363605	0	T:128.0(0.76%),B:46.8(0.14%),P:1e-49	Tpos:28.7,Tstd:32.6,Bpos:76.8,Bstd:41.8,StrandBias:2.6,Multiplicity:1.00
0.001	0.997	0.001	0.001
0.997	0.001	0.001	0.001
0.001	0.053	0.001	0.945
0.001	0.001	0.001	0.997
0.997	0.001	0.001	0.001
0.120	0.001	0.001	0.878
0.001	0.997	0.001	0.001
0.959	0.001	0.039	0.001
0.997	0.001	0.001	0.001
0.112	0.001	0.886	0.001
>CTGTCTGCTA	15-CTGTCTGCTA	9.389518	-108.331410	0	T:84.0(0.50%),B:19.9(0.06%),P:1e-47	Tpos:72.5,Tstd:34.0,Bpos:78.4,Bstd:30.3,StrandBias:0.1,Multiplicity:1.00
0.143	0.710	0.146	0.001
0.001	0.001	0.017	0.981
0.001	0.001	0.997	0.001
0.001	0.001	0.001	0.997
0.017	0.981	0.001	0.001
0.001	0.001	0.001	0.997
0.001	0.001	0.997	0.001
0.001	0.997	0.001	0.001
0.001	0.001	0.017	0.981
0.997	0.001	0.001	0.001
>ACACGTGTTT	16-ACACGTGTTT	8.434793	-104.715417	0	T:291.0(1.72%),B:212.6(0.66%),P:1e-45	Tpos:91.0,Tstd:42.7,Bpos:76.0,Bstd:49.3,StrandBias:0.1,Multiplicity:1.01
0.837	0.061	0.080	0.022
0.032	0.966	0.001	0.001
0.966	0.001	0.001	0.032
0.044	0.883	0.013	0.060
0.001	0.001	0.997	0.001
0.016	0.001	0.019	0.964
0.001	0.001	0.964	0.034
0.009	0.146	0.097	0.748
0.035	0.056	0.057	0.852
0.001	0.001	0.128	0.870
>GTGACGTTTC	17-GTGACGTTTC	10.106201	-93.826955	0	T:64.0(0.38%),B:12.8(0.04%),P:1e-40	Tpos:102.9,Tstd:47.4,Bpos:73.5,Bstd:56.7,StrandBias:2.1,Multiplicity:1.00
0.001	0.001	0.997	0.001
0.001	0.001	0.001	0.997
0.001	0.001	0.997	0.001
0.997	0.001	0.001	0.001
0.001	0.997	0.001	0.001
0.001	0.001	0.997	0.001
0.001	0.001	0.001	0.997
0.024	0.001	0.001	0.974
0.001	0.001	0.001	0.997
0.001	0.997	0.001	0.001
>GTGTTTAGGG	18-GTGTTTAGGG	10.296193	-82.836242	0	T:40.0(0.24%),B:5.0(0.02%),P:1e-35	Tpos:41.6,Tstd:21.1,Bpos:57.7,Bstd:26.5,StrandBias:3.2,Multiplicity:1.03
0.100	0.100	0.700	0.100
0.100	0.100	0.100	0.700
0.100	0.100	0.700	0.100
0.100	0.100	0.100	0.700
0.100	0.100	0.100	0.700
0.100	0.100	0.100	0.700
0.700	0.100	0.100	0.100
0.100	0.100	0.700	0.100
0.100	0.100	0.700	0.100
0.100	0.100	0.700	0.100
>GAGAAAAGGC	19-GAGAAAAGGC	10.529559	-75.488201	0	T:120.0(0.71%),B:60.5(0.19%),P:1e-32	Tpos:83.4,Tstd:19.5,Bpos:67.9,Bstd:41.4,StrandBias:3.6,Multiplicity:1.00
0.001	0.001	0.997	0.001
0.997	0.001	0.001	0.001
0.001	0.001	0.997	0.001
0.997	0.001	0.001	0.001
0.997	0.001	0.001	0.001
0.953	0.001	0.001	0.045
0.997	0.001	0.001	0.001
0.001	0.001	0.997	0.001
0.001	0.001	0.812	0.186
0.001	0.997	0.001	0.001
>TAGCGCGAGT	20-TAGCGCGAGT	10.296193	-70.955662	0	T:29.0(0.17%),B:2.1(0.01%),P:1e-30	Tpos:69.6,Tstd:14.1,Bpos:55.9,Bstd:10.9,StrandBias:10.0,Multiplicity:1.00
0.100	0.100	0.100	0.700
0.700	0.100	0.100	0.100
0.100	0.100	0.700	0.100
0.100	0.700	0.100	0.100
0.100	0.100	0.700	0.100
0.100	0.700	0.100	0.100
0.100	0.100	0.700	0.100
0.700	0.100	0.100	0.100
0.100	0.100	0.700	0.100
0.100	0.100	0.100	0.700
>CCCGAAGACT	21-CCCGAAGACT	10.704801	-68.658133	0	T:32.0(0.19%),B:3.5(0.01%),P:1e-29	Tpos:78.9,Tstd:40.1,Bpos:77.1,Bstd:33.9,StrandBias:-1.9,Multiplicity:1.77
0.001	0.997	0.001	0.001
0.001	0.869	0.129	0.001
0.001	0.997	0.001	0.001
0.001	0.001	0.997	0.001
0.997	0.001	0.001	0.001
0.521	0.142	0.336	0.001
0.001	0.001	0.869	0.129
0.997	0.001	0.001	0.001
0.001	0.997	0.001	0.001
0.129	0.129	0.001	0.741
>GAAGAGGCTT	22-GAAGAGGCTT	11.825987	-68.627825	0	T:49.0(0.29%),B:10.6(0.03%),P:1e-29	Tpos:60.6,Tstd:29.5,Bpos:81.7,Bstd:50.9,StrandBias:3.5,Multiplicity:1.00
0.001	0.001	0.997	0.001
0.864	0.001	0.001	0.134
0.997	0.001	0.001	0.001
0.001	0.001	0.997	0.001
0.997	0.001	0.001	0.001
0.001	0.001	0.997	0.001
0.001	0.001	0.997	0.001
0.001	0.997	0.001	0.001
0.001	0.001	0.001	0.997
0.001	0.001	0.001	0.997
>TGAAACGAGG	23-TGAAACGAGG	9.493096	-64.005009	0	T:54.0(0.32%),B:14.6(0.05%),P:1e-27	Tpos:105.3,Tstd:34.5,Bpos:63.7,Bstd:35.7,StrandBias:2.3,Multiplicity:1.00
0.001	0.001	0.001	0.997
0.001	0.001	0.997	0.001
0.997	0.001	0.001	0.001
0.985	0.001	0.001	0.013
0.997	0.001	0.001	0.001
0.001	0.997	0.001	0.001
0.001	0.001	0.997	0.001
0.997	0.001	0.001	0.001
0.001	0.001	0.997	0.001
0.001	0.001	0.997	0.001
>GTCCACCAGG	24-GTCCACCAGG	10.296193	-44.840409	0	T:41.0(0.24%),B:12.6(0.04%),P:1e-19	Tpos:58.9,Tstd:23.8,Bpos:66.0,Bstd:57.0,StrandBias:3.8,Multiplicity:1.00
0.100	0.100	0.700	0.100
0.100	0.100	0.100	0.700
0.100	0.700	0.100	0.100
0.100	0.700	0.100	0.100
0.700	0.100	0.100	0.100
0.100	0.700	0.100	0.100
0.100	0.700	0.100	0.100
0.700	0.100	0.100	0.100
0.100	0.100	0.700	0.100
0.100	0.100	0.700	0.100
>TTGCACTCCG	25-TTGCACTCCG	10.296193	-22.927282	0	T:13.0(0.08%),B:2.8(0.01%),P:1e-9	Tpos:77.0,Tstd:37.5,Bpos:42.7,Bstd:1.5,StrandBias:-0.9,Multiplicity:2.00
0.100	0.100	0.100	0.700
0.100	0.100	0.100	0.700
0.100	0.100	0.700	0.100
0.100	0.700	0.100	0.100
0.700	0.100	0.100	0.100
0.100	0.700	0.100	0.100
0.100	0.100	0.100	0.700
0.100	0.700	0.100	0.100
0.100	0.700	0.100	0.100
0.100	0.100	0.700	0.100
