>TAGCAGACGA	1-TAGCAGACGA	7.475609	-1717.378519	0	T:1759.0(10.39%),B:575.4(1.78%),P:1e-745	Tpos:78.9,Tstd:28.4,Bpos:76.4,Bstd:50.1,StrandBias:-0.3,Multiplicity:1.04
0.229	0.087	0.085	0.599
0.924	0.001	0.011	0.064
0.001	0.001	0.997	0.001
0.001	0.997	0.001	0.001
0.994	0.001	0.004	0.001
0.001	0.001	0.995	0.003
0.980	0.008	0.002	0.010
0.019	0.977	0.003	0.001
0.054	0.001	0.858	0.087
0.965	0.020	0.001	0.014
>CTAGATGGCG	2-CTAGATGGCG	7.948104	-1088.468989	0	T:1462.0(8.63%),B:630.1(1.95%),P:1e-472	Tpos:50.6,Tstd:29.7,Bpos:76.8,Bstd:46.6,StrandBias:0.9,Multiplicity:1.06
0.315	0.547	0.068	0.070
0.070	0.161	0.051	0.718
0.997	0.001	0.001	0.001
0.014	0.001	0.984	0.001
0.783	0.004	0.212	0.001
0.001	0.001	0.069	0.929
0.001	0.001	0.997	0.001
0.019	0.024	0.775	0.182
0.021	0.929	0.001	0.049
0.104	0.085	0.600	0.211
>GTATAAAAGG	3-GTATAAAAGG	8.644088	-649.622318	0	T:817.0(4.82%),B:326.5(1.01%),P:1e-282	Tpos:71.9,Tstd:17.5,Bpos:76.7,Bstd:42.7,StrandBias:3.2,Multiplicity:1.00
0.128	0.078	0.750	0.044
0.007	0.027	0.033	0.933
0.930	0.026	0.029	0.015
0.019	0.023	0.018	0.940
0.930	0.009	0.011	0.050
0.575	0.042	0.062	0.321
0.922	0.007	0.064	0.007
0.765	0.044	0.047	0.144
0.307	0.033	0.547	0.113
0.073	0.160	0.711	0.056
>ATYTGGCAAC	4-ATYTGGCAAC	8.647834	-647.325445	0	T:1098.0(6.48%),B:575.8(1.78%),P:1e-281	Tpos:62.8,Tstd:33.4,Bpos:71.3,Bstd:44.7,StrandBias:1.6,Multiplicity:1.02
0.830	0.001	0.168	0.001
0.152	0.191	0.098	0.559
0.141	0.372	0.050	0.437
0.001	0.001	0.001	0.997
0.001	0.001	0.997	0.001
0.270	0.001	0.614	0.115
0.001	0.997	0.001	0.001
0.997	0.001	0.001	0.001
0.698	0.001	0.161	0.140
0.022	0.733	0.001	0.244
>TCAGTYGNYN	5-TCAGTYGNYN	4.995820	-628.850173	0	T:5976.0(35.29%),B:7518.2(23.25%),P:1e-273	Tpos:88.1,Tstd:36.2,Bpos:75.5,Bstd:48.4,StrandBias:1.2,Multiplicity:1.18
0.125	0.074	0.169	0.632
0.049	0.599	0.076	0.276
0.868	0.010	0.021	0.101
0.024	0.066	0.853	0.057
0.139	0.166	0.047	0.648
0.106	0.487	0.061	0.346
0.167	0.174	0.440	0.219
0.221	0.210	0.225	0.344
0.103	0.308	0.197	0.392
0.269	0.218	0.197	0.316
>GGCAACGTTG	6-GGCAACGTTG	8.118939	-606.240577	0	T:909.0(5.37%),B:428.0(1.32%),P:1e-263	Tpos:60.2,Tstd:28.2,Bpos:72.8,Bstd:46.1,StrandBias:1.3,Multiplicity:1.02
0.141	0.068	0.698	0.093
0.175	0.014	0.730	0.081
0.001	0.908	0.089	0.002
0.923	0.001	0.075	0.001
0.739	0.001	0.187	0.073
0.001	0.817	0.071	0.111
0.160	0.070	0.684	0.086
0.035	0.372	0.061	0.532
0.192	0.078	0.019	0.711
0.014	0.078	0.860	0.048
>CCGCYAGDBG	7-CCGCYAGDBG	6.162469	-553.196488	0	T:1188.0(7.02%),B:741.3(2.29%),P:1e-240	Tpos:57.0,Tstd:31.9,Bpos:74.5,Bstd:44.3,StrandBias:0.7,Multiplicity:1.03
0.143	0.548	0.063	0.246
0.022	0.599	0.174	0.205
0.310	0.041	0.630	0.019
0.150	0.439	0.224	0.187
0.124	0.327	0.125	0.424
0.955	0.036	0.001	0.008
0.037	0.013	0.797	0.153
0.378	0.005	0.353	0.263
0.143	0.246	0.362	0.248
0.184	0.101	0.476	0.240
>TCCGACACGG	8-TCCGACACGG	10.296193	-295.524917	0	T:117.0(0.69%),B:8.0(0.02%),P:1e-128	Tpos:118.9,Tstd:15.5,Bpos:78.8,Bstd:43.6,StrandBias:6.9,Multiplicity:1.00
0.100	0.100	0.100	0.700
0.100	0.700	0.100	0.100
0.100	0.700	0.100	0.100
0.100	0.100	0.700	0.100
0.700	0.100	0.100	0.100
0.100	0.700	0.100	0.100
0.700	0.100	0.100	0.100
0.100	0.700	0.100	0.100
0.100	0.100	0.700	0.100
0.100	0.100	0.700	0.100
>TCAGTCGWCT	9-TCAGTCGWCT	8.198047	-248.245812	0	T:365.0(2.16%),B:168.1(0.52%),P:1e-107	Tpos:98.9,Tstd:23.4,Bpos:80.5,Bstd:50.6,StrandBias:0.9,Multiplicity:1.01
0.101	0.041	0.248	0.610
0.119	0.729	0.063	0.089
0.986	0.001	0.001	0.012
0.001	0.296	0.702	0.001
0.168	0.154	0.063	0.615
0.231	0.653	0.001	0.115
0.088	0.058	0.779	0.075
0.428	0.085	0.183	0.304
0.017	0.575	0.337	0.071
0.127	0.011	0.278	0.584
>AAAATGGCGG	10-AAAATGGCGG	9.171680	-207.080164	0	T:490.0(2.89%),B:323.7(1.00%),P:1e-89	Tpos:89.9,Tstd:35.7,Bpos:73.0,Bstd:42.7,StrandBias:0.1,Multiplicity:1.00
0.967	0.001	0.001	0.031
0.946	0.001	0.008	0.045
0.780	0.088	0.042	0.090
0.997	0.001	0.001	0.001
0.001	0.001	0.001	0.997
0.001	0.003	0.995	0.001
0.001	0.001	0.997	0.001
0.039	0.959	0.001	0.001
0.020	0.311	0.628	0.041
0.159	0.028	0.812	0.001
>CCCYAAGGCT	11-CCCYAAGGCT	10.052250	-203.805594	0	T:152.0(0.90%),B:32.7(0.10%),P:1e-88	Tpos:43.5,Tstd:24.1,Bpos:66.7,Bstd:47.0,StrandBias:3.3,Multiplicity:1.00
0.157	0.797	0.023	0.023
0.009	0.928	0.062	0.001
0.001	0.736	0.262	0.001
0.009	0.448	0.009	0.534
0.795	0.001	0.163	0.041
0.866	0.124	0.009	0.001
0.108	0.001	0.890	0.001
0.001	0.018	0.963	0.018
0.001	0.827	0.009	0.163
0.189	0.041	0.009	0.761
>AGGTCAGGGT	12-AGGTCAGGGT	9.970003	-180.897869	0	T:98.0(0.58%),B:12.2(0.04%),P:1e-78	Tpos:53.6,Tstd:12.3,Bpos:69.8,Bstd:46.9,StrandBias:5.0,Multiplicity:1.00
0.625	0.001	0.371	0.003
0.058	0.045	0.854	0.043
0.012	0.129	0.595	0.264
0.170	0.091	0.213	0.526
0.002	0.629	0.368	0.001
0.839	0.018	0.037	0.106
0.001	0.006	0.727	0.266
0.102	0.056	0.693	0.149
0.090	0.012	0.864	0.034
0.021	0.033	0.038	0.908
>CCCTCCYYCT	13-CCCTCCYYCT	6.487943	-162.294102	0	T:2362.0(13.95%),B:3126.8(9.67%),P:1e-70	Tpos:56.3,Tstd:37.3,Bpos:75.7,Bstd:42.4,StrandBias:-0.0,Multiplicity:1.18
0.074	0.604	0.089	0.233
0.208	0.790	0.001	0.001
0.038	0.812	0.001	0.149
0.327	0.001	0.108	0.564
0.001	0.997	0.001	0.001
0.001	0.997	0.001	0.001
0.001	0.536	0.001	0.462
0.150	0.480	0.001	0.369
0.001	0.689	0.001	0.309
0.085	0.336	0.001	0.578
>CATTATCAAG	14-CATTATCAAG	10.293005	-113.363605	0	T:128.0(0.76%),B:46.8(0.14%),P:1e-49	Tpos:28.7,Tstd:32.6,Bpos:76.8,Bstd:41.8,StrandBias:2.6,Multiplicity:1.00
0.001	0.997	0.001	0.001
0.997	0.001	0.001	0.001
0.001	0.053	0.001	0.945
0.001	0.001	0.001	0.997
0.997	0.001	0.001	0.001
0.120	0.001	0.001	0.878
0.001	0.997	0.001	0.001
0.959	0.001	0.039	0.001
0.997	0.001	0.001	0.001
0.112	0.001	0.886	0.001
>CTGTCTGCTA	15-CTGTCTGCTA	9.389518	-108.331410	0	T:84.0(0.50%),B:19.9(0.06%),P:1e-47	Tpos:72.5,Tstd:34.0,Bpos:78.4,Bstd:30.3,StrandBias:0.1,Multiplicity:1.00
0.143	0.710	0.146	0.001
0.001	0.001	0.017	0.981
0.001	0.001	0.997	0.001
0.001	0.001	0.001	0.997
0.017	0.981	0.001	0.001
0.001	0.001	0.001	0.997
0.001	0.001	0.997	0.001
0.001	0.997	0.001	0.001
0.001	0.001	0.017	0.981
0.997	0.001	0.001	0.001
>ACACGTGTTT	16-ACACGTGTTT	8.434793	-104.715417	0	T:291.0(1.72%),B:212.6(0.66%),P:1e-45	Tpos:91.0,Tstd:42.7,Bpos:76.0,Bstd:49.3,StrandBias:0.1,Multiplicity:1.01
0.837	0.061	0.080	0.022
0.032	0.966	0.001	0.001
0.966	0.001	0.001	0.032
0.044	0.883	0.013	0.060
0.001	0.001	0.997	0.001
0.016	0.001	0.019	0.964
0.001	0.001	0.964	0.034
0.009	0.146	0.097	0.748
0.035	0.056	0.057	0.852
0.001	0.001	0.128	0.870
>GTGACGTTTC	17-GTGACGTTTC	10.106201	-93.826955	0	T:64.0(0.38%),B:12.8(0.04%),P:1e-40	Tpos:102.9,Tstd:47.4,Bpos:73.5,Bstd:56.7,StrandBias:2.1,Multiplicity:1.00
0.001	0.001	0.997	0.001
0.001	0.001	0.001	0.997
0.001	0.001	0.997	0.001
0.997	0.001	0.001	0.001
0.001	0.997	0.001	0.001
0.001	0.001	0.997	0.001
0.001	0.001	0.001	0.997
0.024	0.001	0.001	0.974
0.001	0.001	0.001	0.997
0.001	0.997	0.001	0.001
>GTGTTTAGGG	18-GTGTTTAGGG	10.296193	-82.836242	0	T:40.0(0.24%),B:5.0(0.02%),P:1e-35	Tpos:41.6,Tstd:21.1,Bpos:57.7,Bstd:26.5,StrandBias:3.2,Multiplicity:1.03
0.100	0.100	0.700	0.100
0.100	0.100	0.100	0.700
0.100	0.100	0.700	0.100
0.100	0.100	0.100	0.700
0.100	0.100	0.100	0.700
0.100	0.100	0.100	0.700
0.700	0.100	0.100	0.100
0.100	0.100	0.700	0.100
0.100	0.100	0.700	0.100
0.100	0.100	0.700	0.100
>GAGAAAAGGC	19-GAGAAAAGGC	10.529559	-75.488201	0	T:120.0(0.71%),B:60.5(0.19%),P:1e-32	Tpos:83.4,Tstd:19.5,Bpos:67.9,Bstd:41.4,StrandBias:3.6,Multiplicity:1.00
0.001	0.001	0.997	0.001
0.997	0.001	0.001	0.001
0.001	0.001	0.997	0.001
0.997	0.001	0.001	0.001
0.997	0.001	0.001	0.001
0.953	0.001	0.001	0.045
0.997	0.001	0.001	0.001
0.001	0.001	0.997	0.001
0.001	0.001	0.812	0.186
0.001	0.997	0.001	0.001
>TAGCGCGAGT	20-TAGCGCGAGT	10.296193	-70.955662	0	T:29.0(0.17%),B:2.1(0.01%),P:1e-30	Tpos:69.6,Tstd:14.1,Bpos:55.9,Bstd:10.9,StrandBias:10.0,Multiplicity:1.00
0.100	0.100	0.100	0.700
0.700	0.100	0.100	0.100
0.100	0.100	0.700	0.100
0.100	0.700	0.100	0.100
0.100	0.100	0.700	0.100
0.100	0.700	0.100	0.100
0.100	0.100	0.700	0.100
0.700	0.100	0.100	0.100
0.100	0.100	0.700	0.100
0.100	0.100	0.100	0.700
>CCCGAAGACT	21-CCCGAAGACT	10.704801	-68.658133	0	T:32.0(0.19%),B:3.5(0.01%),P:1e-29	Tpos:78.9,Tstd:40.1,Bpos:77.1,Bstd:33.9,StrandBias:-1.9,Multiplicity:1.77
0.001	0.997	0.001	0.001
0.001	0.869	0.129	0.001
0.001	0.997	0.001	0.001
0.001	0.001	0.997	0.001
0.997	0.001	0.001	0.001
0.521	0.142	0.336	0.001
0.001	0.001	0.869	0.129
0.997	0.001	0.001	0.001
0.001	0.997	0.001	0.001
0.129	0.129	0.001	0.741
>GAAGAGGCTT	22-GAAGAGGCTT	11.825987	-68.627825	0	T:49.0(0.29%),B:10.6(0.03%),P:1e-29	Tpos:60.6,Tstd:29.5,Bpos:81.7,Bstd:50.9,StrandBias:3.5,Multiplicity:1.00
0.001	0.001	0.997	0.001
0.864	0.001	0.001	0.134
0.997	0.001	0.001	0.001
0.001	0.001	0.997	0.001
0.997	0.001	0.001	0.001
0.001	0.001	0.997	0.001
0.001	0.001	0.997	0.001
0.001	0.997	0.001	0.001
0.001	0.001	0.001	0.997
0.001	0.001	0.001	0.997
>TGAAACGAGG	23-TGAAACGAGG	9.493096	-64.005009	0	T:54.0(0.32%),B:14.6(0.05%),P:1e-27	Tpos:105.3,Tstd:34.5,Bpos:63.7,Bstd:35.7,StrandBias:2.3,Multiplicity:1.00
0.001	0.001	0.001	0.997
0.001	0.001	0.997	0.001
0.997	0.001	0.001	0.001
0.985	0.001	0.001	0.013
0.997	0.001	0.001	0.001
0.001	0.997	0.001	0.001
0.001	0.001	0.997	0.001
0.997	0.001	0.001	0.001
0.001	0.001	0.997	0.001
0.001	0.001	0.997	0.001
>GTCCACCAGG	24-GTCCACCAGG	10.296193	-44.840409	0	T:41.0(0.24%),B:12.6(0.04%),P:1e-19	Tpos:58.9,Tstd:23.8,Bpos:66.0,Bstd:57.0,StrandBias:3.8,Multiplicity:1.00
0.100	0.100	0.700	0.100
0.100	0.100	0.100	0.700
0.100	0.700	0.100	0.100
0.100	0.700	0.100	0.100
0.700	0.100	0.100	0.100
0.100	0.700	0.100	0.100
0.100	0.700	0.100	0.100
0.700	0.100	0.100	0.100
0.100	0.100	0.700	0.100
0.100	0.100	0.700	0.100
>TTGCACTCCG	25-TTGCACTCCG	10.296193	-22.927282	0	T:13.0(0.08%),B:2.8(0.01%),P:1e-9	Tpos:77.0,Tstd:37.5,Bpos:42.7,Bstd:1.5,StrandBias:-0.9,Multiplicity:2.00
0.100	0.100	0.100	0.700
0.100	0.100	0.100	0.700
0.100	0.100	0.700	0.100
0.100	0.700	0.100	0.100
0.700	0.100	0.100	0.100
0.100	0.700	0.100	0.100
0.100	0.100	0.100	0.700
0.100	0.700	0.100	0.100
0.100	0.700	0.100	0.100
0.100	0.100	0.700	0.100
>WAGCAGACGACD	1-WAGCAGACGACD	9.191016	-1742.341671	0	T:1556.0(9.19%),B:428.2(1.32%),P:1e-756	Tpos:79.2,Tstd:26.9,Bpos:75.8,Bstd:48.7,StrandBias:-0.3,Multiplicity:1.03
0.293	0.152	0.171	0.383
0.635	0.033	0.118	0.214
0.028	0.007	0.963	0.002
0.001	0.994	0.001	0.004
0.985	0.001	0.004	0.010
0.001	0.001	0.997	0.001
0.858	0.041	0.001	0.100
0.124	0.865	0.001	0.010
0.050	0.001	0.846	0.103
0.899	0.055	0.013	0.033
0.293	0.478	0.021	0.208
0.359	0.127	0.257	0.257
>GCCATCTAGCGG	2-GCCATCTAGCGG	7.638835	-1208.564733	0	T:1741.0(10.28%),B:805.4(2.49%),P:1e-524	Tpos:50.8,Tstd:27.7,Bpos:76.2,Bstd:44.3,StrandBias:-0.9,Multiplicity:1.08
0.145	0.021	0.733	0.101
0.249	0.625	0.025	0.101
0.009	0.935	0.001	0.055
0.789	0.175	0.034	0.002
0.001	0.247	0.002	0.750
0.001	0.997	0.001	0.001
0.085	0.001	0.010	0.904
0.561	0.024	0.370	0.045
0.098	0.104	0.556	0.242
0.052	0.530	0.068	0.350
0.223	0.016	0.711	0.050
0.231	0.064	0.525	0.180
>ATYTGGCAACGT	3-ATYTGGCAACGT	9.101250	-894.590968	0	T:867.0(5.12%),B:260.6(0.81%),P:1e-388	Tpos:57.2,Tstd:27.1,Bpos:69.4,Bstd:40.8,StrandBias:2.4,Multiplicity:1.03
0.883	0.001	0.101	0.015
0.251	0.203	0.034	0.512
0.103	0.439	0.058	0.400
0.001	0.097	0.001	0.901
0.001	0.001	0.997	0.001
0.086	0.001	0.912	0.001
0.001	0.997	0.001	0.001
0.997	0.001	0.001	0.001
0.912	0.001	0.001	0.086
0.001	0.866	0.001	0.132
0.096	0.092	0.676	0.136
0.012	0.246	0.110	0.632
>TGGCAACGYTGY	4-TGGCAACGYTGY	8.119186	-778.711215	0	T:867.0(5.12%),B:305.8(0.95%),P:1e-338	Tpos:61.3,Tstd:29.1,Bpos:72.5,Bstd:47.2,StrandBias:1.4,Multiplicity:1.02
0.206	0.222	0.092	0.480
0.071	0.085	0.643	0.201
0.227	0.003	0.608	0.162
0.052	0.892	0.054	0.002
0.816	0.001	0.180	0.003
0.592	0.043	0.248	0.117
0.085	0.667	0.030	0.218
0.201	0.166	0.504	0.129
0.099	0.415	0.114	0.372
0.152	0.074	0.003	0.771
0.003	0.006	0.928	0.063
0.093	0.335	0.113	0.458
>GVGTATAWAAAG	5-GVGTATAWAAAG	9.140588	-681.855456	0	T:847.0(5.00%),B:334.8(1.04%),P:1e-296	Tpos:70.3,Tstd:19.1,Bpos:76.3,Bstd:43.7,StrandBias:2.9,Multiplicity:1.01
0.070	0.231	0.437	0.262
0.301	0.257	0.364	0.079
0.216	0.001	0.725	0.058
0.016	0.001	0.011	0.972
0.993	0.001	0.005	0.001
0.019	0.001	0.010	0.970
0.997	0.001	0.001	0.001
0.560	0.001	0.001	0.438
0.964	0.001	0.034	0.001
0.986	0.001	0.001	0.012
0.581	0.001	0.300	0.118
0.157	0.261	0.532	0.050
>AGCGCCATCTTT	6-AGCGCCATCTTT	8.954386	-453.882986	0	T:548.0(3.24%),B:209.1(0.65%),P:1e-197	Tpos:56.1,Tstd:35.5,Bpos:76.3,Bstd:41.6,StrandBias:-0.6,Multiplicity:1.01
0.696	0.113	0.127	0.064
0.204	0.120	0.500	0.176
0.020	0.946	0.007	0.027
0.034	0.013	0.926	0.027
0.045	0.915	0.013	0.027
0.068	0.918	0.013	0.001
0.882	0.041	0.070	0.007
0.020	0.166	0.013	0.801
0.058	0.830	0.034	0.078
0.013	0.013	0.007	0.967
0.172	0.101	0.199	0.528
0.007	0.058	0.078	0.857
>ATCTCCGAMACG	7-ATCTCCGAMACG	9.690706	-360.917302	0	T:130.0(0.77%),B:6.9(0.02%),P:1e-156	Tpos:118.8,Tstd:8.4,Bpos:80.8,Bstd:47.2,StrandBias:10.0,Multiplicity:1.00
0.997	0.001	0.001	0.001
0.001	0.001	0.001	0.997
0.001	0.997	0.001	0.001
0.005	0.001	0.001	0.993
0.001	0.997	0.001	0.001
0.001	0.997	0.001	0.001
0.001	0.001	0.997	0.001
0.997	0.001	0.001	0.001
0.472	0.526	0.001	0.001
0.997	0.001	0.001	0.001
0.001	0.997	0.001	0.001
0.001	0.001	0.997	0.001
>GCGGCCATTTTG	8-GCGGCCATTTTG	7.384435	-276.381135	0	T:575.0(3.40%),B:348.3(1.08%),P:1e-120	Tpos:92.3,Tstd:36.0,Bpos:72.1,Bstd:42.3,StrandBias:-0.2,Multiplicity:1.00
0.001	0.001	0.578	0.420
0.015	0.847	0.001	0.137
0.195	0.234	0.523	0.048
0.001	0.001	0.997	0.001
0.001	0.997	0.001	0.001
0.001	0.997	0.001	0.001
0.997	0.001	0.001	0.001
0.001	0.001	0.001	0.997
0.096	0.048	0.212	0.644
0.014	0.001	0.001	0.984
0.001	0.001	0.001	0.997
0.039	0.042	0.574	0.345
>AATACCCGCAAG	9-AATACCCGCAAG	11.047017	-270.104218	0	T:155.0(0.92%),B:21.8(0.07%),P:1e-117	Tpos:39.5,Tstd:21.4,Bpos:74.0,Bstd:55.9,StrandBias:4.0,Multiplicity:1.00
0.875	0.009	0.037	0.079
0.963	0.019	0.009	0.009
0.200	0.037	0.074	0.689
0.832	0.131	0.028	0.009
0.073	0.568	0.331	0.028
0.028	0.898	0.028	0.046
0.001	0.902	0.018	0.079
0.018	0.046	0.927	0.009
0.037	0.825	0.042	0.096
0.883	0.028	0.028	0.061
0.945	0.028	0.018	0.009
0.018	0.210	0.707	0.065
>TCAGTCGASTGA	10-TCAGTCGASTGA	10.594918	-261.837223	0	T:164.0(0.97%),B:26.4(0.08%),P:1e-113	Tpos:104.0,Tstd:11.9,Bpos:79.0,Bstd:55.6,StrandBias:4.5,Multiplicity:1.00
0.131	0.029	0.126	0.714
0.007	0.733	0.117	0.143
0.837	0.116	0.007	0.040
0.052	0.011	0.887	0.050
0.011	0.004	0.004	0.981
0.011	0.957	0.017	0.015
0.022	0.139	0.791	0.048
0.610	0.028	0.028	0.334
0.255	0.308	0.406	0.032
0.028	0.232	0.244	0.496
0.011	0.093	0.560	0.336
0.454	0.181	0.146	0.219
>CTGCAGYGCACT	11-CTGCAGYGCACT	10.682174	-231.425023	0	T:78.0(0.46%),B:3.3(0.01%),P:1e-100	Tpos:134.7,Tstd:15.3,Bpos:126.7,Bstd:25.4,StrandBias:4.6,Multiplicity:1.00
0.002	0.708	0.098	0.192
0.090	0.071	0.001	0.838
0.041	0.033	0.592	0.334
0.064	0.840	0.066	0.030
0.834	0.002	0.038	0.126
0.149	0.041	0.807	0.003
0.127	0.483	0.034	0.356
0.042	0.281	0.487	0.190
0.093	0.638	0.190	0.079
0.571	0.025	0.114	0.290
0.115	0.452	0.209	0.224
0.076	0.065	0.065	0.794
>GGGTGAKMAAAA	12-GGGTGAKMAAAA	14.035918	-221.396314	0	T:121.0(0.71%),B:15.2(0.05%),P:1e-96	Tpos:58.4,Tstd:3.6,Bpos:82.6,Bstd:35.4,StrandBias:6.9,Multiplicity:1.00
0.024	0.024	0.928	0.024
0.024	0.053	0.878	0.045
0.016	0.016	0.952	0.016
0.008	0.024	0.008	0.960
0.057	0.061	0.850	0.032
0.928	0.032	0.016	0.024
0.016	0.069	0.456	0.458
0.480	0.426	0.045	0.048
0.934	0.029	0.029	0.008
0.862	0.053	0.045	0.040
0.912	0.024	0.024	0.040
0.883	0.040	0.053	0.024
>GCTYRAGAGGTG	13-GCTYRAGAGGTG	11.535184	-211.548057	0	T:92.0(0.54%),B:7.9(0.02%),P:1e-91	Tpos:46.8,Tstd:10.7,Bpos:74.8,Bstd:44.3,StrandBias:6.5,Multiplicity:1.00
0.001	0.001	0.997	0.001
0.001	0.997	0.001	0.001
0.001	0.001	0.001	0.997
0.001	0.465	0.001	0.533
0.455	0.001	0.396	0.148
0.990	0.001	0.008	0.001
0.260	0.001	0.738	0.001
0.997	0.001	0.001	0.001
0.001	0.001	0.869	0.129
0.001	0.001	0.997	0.001
0.053	0.001	0.001	0.945
0.001	0.001	0.869	0.129
>ATTATCAAGMAG	14-ATTATCAAGMAG	13.181330	-175.668375	0	T:111.0(0.66%),B:18.4(0.06%),P:1e-76	Tpos:23.9,Tstd:26.2,Bpos:91.2,Bstd:34.6,StrandBias:5.2,Multiplicity:1.00
0.995	0.001	0.001	0.003
0.001	0.003	0.001	0.995
0.001	0.001	0.001	0.997
0.919	0.001	0.001	0.079
0.001	0.001	0.003	0.995
0.001	0.995	0.001	0.003
0.979	0.001	0.017	0.003
0.995	0.001	0.003	0.001
0.117	0.001	0.881	0.001
0.448	0.481	0.001	0.070
0.997	0.001	0.001	0.001
0.001	0.001	0.995	0.003
>AGAAGAGGCTTC	15-AGAAGAGGCTTC	11.385017	-162.942948	0	T:54.0(0.32%),B:3.0(0.01%),P:1e-70	Tpos:55.6,Tstd:24.4,Bpos:77.2,Bstd:37.2,StrandBias:3.3,Multiplicity:1.00
0.992	0.006	0.001	0.001
0.001	0.001	0.997	0.001
0.992	0.001	0.006	0.001
0.992	0.001	0.001	0.006
0.001	0.007	0.985	0.007
0.992	0.001	0.001	0.006
0.001	0.001	0.997	0.001
0.018	0.001	0.980	0.001
0.001	0.997	0.001	0.001
0.007	0.007	0.007	0.979
0.001	0.001	0.001	0.997
0.001	0.959	0.007	0.033
>GAGAGAAWAGGC	16-GAGAGAAWAGGC	9.922235	-161.129103	0	T:125.0(0.74%),B:28.6(0.09%),P:1e-69	Tpos:80.6,Tstd:16.8,Bpos:76.4,Bstd:47.2,StrandBias:2.4,Multiplicity:1.00
0.001	0.001	0.804	0.194
0.997	0.001	0.001	0.001
0.004	0.001	0.994	0.001
0.997	0.001	0.001	0.001
0.001	0.001	0.749	0.249
0.997	0.001	0.001	0.001
0.997	0.001	0.001	0.001
0.526	0.001	0.001	0.472
0.997	0.001	0.001	0.001
0.001	0.001	0.994	0.004
0.001	0.001	0.982	0.016
0.001	0.997	0.001	0.001
>CRCCAGRTAGCG	17-CRCCAGRTAGCG	12.604063	-154.356227	0	T:44.0(0.26%),B:1.6(0.00%),P:1e-67	Tpos:60.7,Tstd:18.7,Bpos:62.6,Bstd:27.5,StrandBias:2.6,Multiplicity:1.00
0.001	0.876	0.122	0.001
0.501	0.001	0.497	0.001
0.001	0.753	0.123	0.123
0.001	0.997	0.001	0.001
0.997	0.001	0.001	0.001
0.001	0.001	0.997	0.001
0.498	0.123	0.377	0.001
0.001	0.001	0.004	0.994
0.876	0.001	0.001	0.122
0.001	0.001	0.997	0.001
0.001	0.876	0.001	0.122
0.001	0.001	0.876	0.122
>GACGCAGCAGAA	18-GACGCAGCAGAA	11.565245	-135.724774	0	T:47.0(0.28%),B:3.0(0.01%),P:1e-58	Tpos:111.3,Tstd:20.7,Bpos:70.9,Bstd:23.3,StrandBias:2.8,Multiplicity:1.00
0.064	0.038	0.858	0.040
0.748	0.096	0.104	0.052
0.053	0.630	0.300	0.017
0.304	0.059	0.604	0.033
0.047	0.632	0.280	0.041
0.674	0.268	0.023	0.035
0.323	0.029	0.531	0.117
0.052	0.869	0.035	0.044
0.662	0.041	0.215	0.082
0.029	0.069	0.862	0.040
0.680	0.035	0.279	0.006
0.848	0.088	0.035	0.029
>GTGAAACGAGGC	19-GTGAAACGAGGC	11.539729	-133.099248	0	T:56.0(0.33%),B:4.4(0.01%),P:1e-57	Tpos:104.1,Tstd:37.7,Bpos:59.4,Bstd:31.9,StrandBias:2.0,Multiplicity:1.00
0.007	0.001	0.991	0.001
0.001	0.001	0.001	0.997
0.001	0.001	0.991	0.007
0.997	0.001	0.001	0.001
0.985	0.007	0.007	0.001
0.991	0.001	0.001	0.007
0.001	0.997	0.001	0.001
0.007	0.001	0.985	0.007
0.997	0.001	0.001	0.001
0.001	0.001	0.997	0.001
0.001	0.001	0.946	0.052
0.001	0.985	0.007	0.007
>AATCGATAHHTH	20-AATCGATAHHTH	11.133247	-118.022605	0	T:128.0(0.76%),B:44.9(0.14%),P:1e-51	Tpos:48.8,Tstd:25.3,Bpos:73.5,Bstd:36.3,StrandBias:0.0,Multiplicity:1.04
0.658	0.001	0.001	0.340
0.993	0.001	0.001	0.005
0.001	0.001	0.001	0.997
0.001	0.997	0.001	0.001
0.001	0.001	0.997	0.001
0.997	0.001	0.001	0.001
0.001	0.001	0.174	0.824
0.754	0.001	0.006	0.239
0.379	0.258	0.001	0.362
0.290	0.403	0.001	0.306
0.019	0.001	0.067	0.913
0.393	0.302	0.016	0.288
>TGAAAACTGAAA	21-TGAAAACTGAAA	9.088168	-110.358310	0	T:609.0(3.60%),B:608.2(1.88%),P:1e-47	Tpos:76.1,Tstd:43.1,Bpos:76.1,Bstd:46.3,StrandBias:-0.4,Multiplicity:1.05
0.082	0.067	0.066	0.785
0.028	0.071	0.837	0.064
0.910	0.026	0.023	0.041
0.922	0.064	0.013	0.001
0.778	0.056	0.158	0.008
0.847	0.050	0.057	0.046
0.106	0.702	0.113	0.079
0.118	0.018	0.003	0.861
0.048	0.100	0.846	0.006
0.829	0.118	0.029	0.024
0.863	0.062	0.064	0.011
0.821	0.073	0.040	0.066
>TGTGTTTAGGGA	22-TGTGTTTAGGGA	11.825393	-90.593874	0	T:39.0(0.23%),B:3.7(0.01%),P:1e-39	Tpos:43.4,Tstd:25.1,Bpos:61.6,Bstd:23.3,StrandBias:3.2,Multiplicity:1.03
0.001	0.001	0.001	0.997
0.009	0.001	0.989	0.001
0.001	0.001	0.001	0.997
0.001	0.001	0.989	0.009
0.001	0.001	0.001	0.997
0.001	0.001	0.001	0.997
0.001	0.001	0.009	0.989
0.989	0.001	0.009	0.001
0.001	0.001	0.989	0.009
0.001	0.009	0.989	0.001
0.001	0.001	0.989	0.009
0.979	0.010	0.001	0.010
>GGGAAGGAGGAG	23-GGGAAGGAGGAG	8.206133	-79.431940	0	T:626.0(3.70%),B:705.0(2.18%),P:1e-34	Tpos:57.6,Tstd:37.2,Bpos:74.8,Bstd:41.0,StrandBias:0.2,Multiplicity:1.07
0.143	0.072	0.684	0.101
0.193	0.067	0.650	0.090
0.134	0.064	0.761	0.041
0.725	0.051	0.163	0.061
0.740	0.062	0.127	0.071
0.109	0.040	0.794	0.057
0.096	0.047	0.794	0.063
0.752	0.071	0.105	0.072
0.105	0.053	0.793	0.049
0.128	0.062	0.741	0.069
0.781	0.064	0.098	0.057
0.106	0.058	0.786	0.050
>TAAGTCGTYGGG	24-TAAGTCGTYGGG	13.003303	-45.007448	0	T:17.0(0.10%),B:1.6(0.00%),P:1e-19	Tpos:80.2,Tstd:40.6,Bpos:86.4,Bstd:39.4,StrandBias:5.4,Multiplicity:2.47
0.001	0.123	0.001	0.875
0.876	0.122	0.001	0.001
0.876	0.122	0.001	0.001
0.001	0.001	0.997	0.001
0.001	0.001	0.001	0.997
0.122	0.876	0.001	0.001
0.001	0.001	0.997	0.001
0.001	0.001	0.001	0.997
0.001	0.505	0.001	0.493
0.123	0.001	0.753	0.123
0.001	0.001	0.997	0.001
0.247	0.123	0.629	0.001
>CGATGACGATGA	25-CGATGACGATGA	11.859725	-34.219314	0	T:22.0(0.13%),B:5.0(0.02%),P:1e-14	Tpos:106.2,Tstd:37.3,Bpos:43.9,Bstd:13.4,StrandBias:3.9,Multiplicity:2.23
0.001	0.997	0.001	0.001
0.009	0.001	0.989	0.001
0.997	0.001	0.001	0.001
0.009	0.001	0.001	0.989
0.001	0.001	0.997	0.001
0.989	0.009	0.001	0.001
0.001	0.997	0.001	0.001
0.001	0.001	0.989	0.009
0.997	0.001	0.001	0.001
0.001	0.001	0.001	0.997
0.001	0.001	0.997	0.001
0.989	0.001	0.001	0.009
>GCAGAC	1-GCAGAC	6.177716	-891.403137	0	T:2811.0(16.60%),B:2266.3(7.01%),P:1e-387	Tpos:79.9,Tstd:32.3,Bpos:74.5,Bstd:48.3,StrandBias:-0.2,Multiplicity:1.09
0.100	0.100	0.700	0.100
0.100	0.700	0.100	0.100
0.700	0.100	0.100	0.100
0.100	0.100	0.700	0.100
0.700	0.100	0.100	0.100
0.100	0.700	0.100	0.100
>CGACTG	2-CGACTG	6.337332	-847.691235	0	T:5861.0(34.61%),B:6772.2(20.94%),P:1e-368	Tpos:87.0,Tstd:37.1,Bpos:75.0,Bstd:50.0,StrandBias:-0.6,Multiplicity:1.12
0.265	0.733	0.001	0.001
0.001	0.001	0.997	0.001
0.772	0.001	0.001	0.226
0.087	0.911	0.001	0.001
0.001	0.001	0.001	0.997
0.078	0.001	0.920	0.001
>TCAGTC	3-TCAGTC	5.635831	-516.896755	0	T:5176.0(30.57%),B:6519.7(20.16%),P:1e-224	Tpos:88.5,Tstd:35.3,Bpos:75.0,Bstd:50.1,StrandBias:1.5,Multiplicity:1.19
0.001	0.001	0.001	0.997
0.001	0.901	0.001	0.097
0.997	0.001	0.001	0.001
0.001	0.001	0.997	0.001
0.001	0.001	0.001	0.997
0.001	0.714	0.001	0.284
>TATAAA	4-TATAAA	6.177716	-353.630688	0	T:2704.0(15.97%),B:3071.7(9.50%),P:1e-153	Tpos:66.0,Tstd:32.2,Bpos:75.6,Bstd:45.7,StrandBias:1.1,Multiplicity:1.13
0.100	0.100	0.100	0.700
0.700	0.100	0.100	0.100
0.100	0.100	0.100	0.700
0.700	0.100	0.100	0.100
0.700	0.100	0.100	0.100
0.700	0.100	0.100	0.100
>GTTGCC	5-GTTGCC	6.177716	-350.371623	0	T:2357.0(13.92%),B:2563.2(7.92%),P:1e-152	Tpos:66.4,Tstd:35.8,Bpos:73.9,Bstd:47.0,StrandBias:-1.1,Multiplicity:1.08
0.100	0.100	0.700	0.100
0.100	0.100	0.100	0.700
0.100	0.100	0.100	0.700
0.100	0.100	0.700	0.100
0.100	0.700	0.100	0.100
0.100	0.700	0.100	0.100
>CCATCT	6-CCATCT	6.993409	-306.038875	0	T:3224.0(19.04%),B:4010.0(12.40%),P:1e-132	Tpos:64.4,Tstd:40.1,Bpos:75.1,Bstd:44.0,StrandBias:-0.4,Multiplicity:1.10
0.001	0.997	0.001	0.001
0.001	0.997	0.001	0.001
0.997	0.001	0.001	0.001
0.001	0.270	0.001	0.728
0.001	0.997	0.001	0.001
0.001	0.001	0.001	0.997
>CTAGCG	7-CTAGCG	6.177716	-286.947810	0	T:1199.0(7.08%),B:1075.7(3.33%),P:1e-124	Tpos:59.8,Tstd:34.7,Bpos:74.9,Bstd:47.5,StrandBias:-0.6,Multiplicity:1.09
0.100	0.700	0.100	0.100
0.100	0.100	0.100	0.700
0.700	0.100	0.100	0.100
0.100	0.100	0.700	0.100
0.100	0.700	0.100	0.100
0.100	0.100	0.700	0.100
>AGTGAA	8-AGTGAA	2.912020	-259.871380	0	T:7394.0(43.67%),B:11395.5(35.23%),P:1e-112	Tpos:83.4,Tstd:41.0,Bpos:75.0,Bstd:49.4,StrandBias:-0.1,Multiplicity:1.18
0.997	0.001	0.001	0.001
0.001	0.101	0.897	0.001
0.001	0.001	0.001	0.997
0.001	0.001	0.997	0.001
0.997	0.001	0.001	0.001
0.905	0.045	0.048	0.002
>CGCCAT	9-CGCCAT	4.739439	-191.280462	0	T:4020.0(23.74%),B:5764.7(17.82%),P:1e-83	Tpos:70.7,Tstd:40.3,Bpos:75.5,Bstd:45.0,StrandBias:-0.0,Multiplicity:1.14
0.001	0.997	0.001	0.001
0.001	0.001	0.997	0.001
0.001	0.997	0.001	0.001
0.001	0.997	0.001	0.001
0.841	0.157	0.001	0.001
0.001	0.180	0.001	0.818
>TTGTCA	10-TTGTCA	4.873912	-187.449740	0	T:8194.0(48.39%),B:13290.5(41.09%),P:1e-81	Tpos:74.8,Tstd:42.9,Bpos:74.1,Bstd:47.6,StrandBias:0.1,Multiplicity:1.33
0.089	0.001	0.058	0.852
0.144	0.001	0.001	0.854
0.223	0.002	0.773	0.002
0.219	0.164	0.070	0.547
0.001	0.685	0.192	0.122
0.851	0.001	0.147	0.001
>TGTCAG	11-TGTCAG	4.091943	-157.173185	0	T:2773.0(16.38%),B:3820.6(11.81%),P:1e-68	Tpos:84.0,Tstd:39.4,Bpos:74.7,Bstd:49.6,StrandBias:-0.0,Multiplicity:1.10
0.001	0.001	0.001	0.997
0.001	0.001	0.997	0.001
0.015	0.001	0.001	0.983
0.001	0.997	0.001	0.001
0.997	0.001	0.001	0.001
0.012	0.001	0.986	0.001
>CTAGAT	12-CTAGAT	6.177716	-128.272369	0	T:1176.0(6.95%),B:1383.1(4.28%),P:1e-55	Tpos:69.0,Tstd:42.5,Bpos:74.6,Bstd:46.5,StrandBias:-0.1,Multiplicity:1.08
0.100	0.700	0.100	0.100
0.100	0.100	0.100	0.700
0.700	0.100	0.100	0.100
0.100	0.100	0.700	0.100
0.700	0.100	0.100	0.100
0.100	0.100	0.100	0.700
>TGTTTA	13-TGTTTA	6.177716	-106.176347	0	T:2316.0(13.68%),B:3296.4(10.19%),P:1e-46	Tpos:72.9,Tstd:41.6,Bpos:74.1,Bstd:48.4,StrandBias:0.5,Multiplicity:1.11
0.100	0.100	0.100	0.700
0.100	0.100	0.700	0.100
0.100	0.100	0.100	0.700
0.100	0.100	0.100	0.700
0.100	0.100	0.100	0.700
0.700	0.100	0.100	0.100
>CACGTG	14-CACGTG	6.177716	-81.962375	0	T:658.0(3.89%),B:745.0(2.30%),P:1e-35	Tpos:84.8,Tstd:44.0,Bpos:75.7,Bstd:49.7,StrandBias:0.0,Multiplicity:1.01
0.100	0.700	0.100	0.100
0.700	0.100	0.100	0.100
0.100	0.700	0.100	0.100
0.100	0.100	0.700	0.100
0.100	0.100	0.100	0.700
0.100	0.100	0.700	0.100
>TAAAAT	15-TAAAAT	6.643146	-61.818479	0	T:7162.0(42.30%),B:12364.0(38.23%),P:1e-26	Tpos:61.9,Tstd:43.4,Bpos:75.7,Bstd:45.3,StrandBias:-0.1,Multiplicity:1.43
0.269	0.001	0.001	0.729
0.997	0.001	0.001	0.001
0.997	0.001	0.001	0.001
0.705	0.001	0.293	0.001
0.997	0.001	0.001	0.001
0.001	0.001	0.001	0.997
>CTAGTC	16-CTAGTC	6.632869	-58.262560	0	T:3322.0(19.62%),B:5353.3(16.55%),P:1e-25	Tpos:81.9,Tstd:40.0,Bpos:74.8,Bstd:49.3,StrandBias:0.2,Multiplicity:1.11
0.001	0.739	0.259	0.001
0.254	0.001	0.001	0.744
0.997	0.001	0.001	0.001
0.001	0.001	0.997	0.001
0.001	0.001	0.001	0.997
0.001	0.997	0.001	0.001
>TTCTCA	17-TTCTCA	6.109214	-53.984404	0	T:5827.0(34.41%),B:9961.4(30.80%),P:1e-23	Tpos:75.8,Tstd:43.6,Bpos:74.9,Bstd:47.2,StrandBias:0.1,Multiplicity:1.19
0.001	0.001	0.154	0.844
0.001	0.001	0.001	0.997
0.001	0.722	0.001	0.276
0.001	0.001	0.001	0.997
0.001	0.997	0.001	0.001
0.997	0.001	0.001	0.001
>CCTCCC	18-CCTCCC	7.381439	-47.562300	0	T:2278.0(13.45%),B:3593.9(11.11%),P:1e-20	Tpos:59.5,Tstd:39.2,Bpos:75.3,Bstd:44.1,StrandBias:-0.0,Multiplicity:1.34
0.001	0.997	0.001	0.001
0.001	0.997	0.001	0.001
0.001	0.001	0.001	0.997
0.001	0.997	0.001	0.001
0.001	0.997	0.001	0.001
0.001	0.600	0.001	0.398
>TCTGAC	19-TCTGAC	7.137991	-37.191019	0	T:2245.0(13.26%),B:3623.6(11.20%),P:1e-16	Tpos:85.3,Tstd:40.9,Bpos:75.7,Bstd:47.1,StrandBias:0.1,Multiplicity:1.06
0.001	0.001	0.001	0.997
0.001	0.997	0.001	0.001
0.001	0.312	0.001	0.686
0.001	0.001	0.997	0.001
0.997	0.001	0.001	0.001
0.001	0.997	0.001	0.001
>GTGGGT	20-GTGGGT	4.127804	-23.993391	0	T:2854.0(16.85%),B:4863.4(15.04%),P:1e-10	Tpos:68.9,Tstd:41.0,Bpos:75.4,Bstd:46.0,StrandBias:0.1,Multiplicity:1.13
0.001	0.001	0.997	0.001
0.146	0.001	0.001	0.852
0.001	0.001	0.997	0.001
0.001	0.001	0.997	0.001
0.001	0.001	0.997	0.001
0.001	0.105	0.001	0.893
>TCGATA	21-TCGATA	7.953185	-12.454844	0	T:1050.0(6.20%),B:1748.6(5.41%),P:1e-5	Tpos:62.3,Tstd:39.3,Bpos:74.7,Bstd:44.6,StrandBias:0.0,Multiplicity:1.21
0.001	0.001	0.001	0.997
0.001	0.997	0.001	0.001
0.001	0.001	0.997	0.001
0.997	0.001	0.001	0.001
0.001	0.001	0.001	0.997
0.705	0.001	0.001	0.293
>GCAGACGA	1-GCAGACGA	8.661377	-1355.941524	0	T:1458.0(8.61%),B:500.9(1.55%),P:1e-588	Tpos:77.6,Tstd:28.8,Bpos:75.0,Bstd:48.7,StrandBias:-0.3,Multiplicity:1.03
0.001	0.001	0.997	0.001
0.001	0.997	0.001	0.001
0.997	0.001	0.001	0.001
0.001	0.001	0.997	0.001
0.997	0.001	0.001	0.001
0.001	0.997	0.001	0.001
0.001	0.001	0.908	0.090
0.997	0.001	0.001	0.001
>TAGATGGC	2-TAGATGGC	7.453416	-865.101607	0	T:1356.0(8.01%),B:669.8(2.07%),P:1e-375	Tpos:48.8,Tstd:29.0,Bpos:76.3,Bstd:46.5,StrandBias:0.9,Multiplicity:1.05
0.001	0.132	0.001	0.866
0.997	0.001	0.001	0.001
0.001	0.001	0.997	0.001
0.850	0.001	0.148	0.001
0.001	0.001	0.043	0.955
0.001	0.001	0.997	0.001
0.001	0.001	0.842	0.156
0.001	0.997	0.001	0.001
>YGTCTGCT	3-YGTCTGCT	7.385623	-762.719286	0	T:2537.0(14.98%),B:2090.4(6.46%),P:1e-331	Tpos:83.9,Tstd:36.4,Bpos:75.4,Bstd:48.0,StrandBias:-0.2,Multiplicity:1.07
0.001	0.439	0.001	0.559
0.001	0.001	0.700	0.298
0.340	0.001	0.001	0.658
0.001	0.791	0.001	0.207
0.348	0.001	0.001	0.650
0.207	0.001	0.791	0.001
0.146	0.852	0.001	0.001
0.001	0.001	0.001	0.997
>AGGTGGCG	4-AGGTGGCG	8.642215	-535.442506	0	T:1012.0(5.98%),B:575.4(1.78%),P:1e-232	Tpos:57.1,Tstd:34.5,Bpos:75.8,Bstd:49.2,StrandBias:0.2,Multiplicity:1.01
0.997	0.001	0.001	0.001
0.001	0.001	0.997	0.001
0.219	0.001	0.779	0.001
0.001	0.001	0.001	0.997
0.001	0.001	0.997	0.001
0.001	0.001	0.997	0.001
0.001	0.997	0.001	0.001
0.113	0.001	0.740	0.146
>GACTGAMR	5-GACTGAMR	5.635520	-522.412340	0	T:5912.0(34.91%),B:7728.1(23.89%),P:1e-226	Tpos:84.6,Tstd:38.1,Bpos:75.4,Bstd:49.6,StrandBias:-1.0,Multiplicity:1.13
0.421	0.001	0.577	0.001
0.960	0.001	0.001	0.038
0.087	0.911	0.001	0.001
0.001	0.015	0.001	0.983
0.255	0.037	0.662	0.046
0.769	0.124	0.106	0.001
0.351	0.304	0.165	0.180
0.273	0.162	0.410	0.155
>TGGCAACG	6-TGGCAACG	8.528090	-497.898290	0	T:1237.0(7.31%),B:848.9(2.62%),P:1e-216	Tpos:61.0,Tstd:30.7,Bpos:71.9,Bstd:47.0,StrandBias:1.8,Multiplicity:1.05
0.001	0.001	0.001	0.997
0.001	0.001	0.997	0.001
0.001	0.001	0.997	0.001
0.001	0.997	0.001	0.001
0.997	0.001	0.001	0.001
0.997	0.001	0.001	0.001
0.001	0.863	0.001	0.135
0.169	0.001	0.739	0.091
>CGACTGAC	7-CGACTGAC	5.852196	-465.316132	0	T:3340.0(19.72%),B:3755.3(11.61%),P:1e-202	Tpos:91.2,Tstd:32.4,Bpos:74.8,Bstd:49.5,StrandBias:-1.5,Multiplicity:1.11
0.152	0.690	0.082	0.076
0.192	0.039	0.698	0.071
0.898	0.026	0.014	0.062
0.068	0.801	0.109	0.022
0.098	0.034	0.026	0.842
0.074	0.031	0.858	0.037
0.783	0.103	0.049	0.065
0.209	0.433	0.183	0.175
>GTATAAAA	8-GTATAAAA	9.005754	-449.386865	0	T:876.0(5.17%),B:508.3(1.57%),P:1e-195	Tpos:70.5,Tstd:19.5,Bpos:75.6,Bstd:46.7,StrandBias:2.9,Multiplicity:1.00
0.001	0.001	0.997	0.001
0.001	0.001	0.001	0.997
0.997	0.001	0.001	0.001
0.001	0.001	0.001	0.997
0.997	0.001	0.001	0.001
0.871	0.001	0.001	0.127
0.997	0.001	0.001	0.001
0.997	0.001	0.001	0.001
>GCCGCTAG	9-GCCGCTAG	6.993932	-392.690641	0	T:989.0(5.84%),B:681.5(2.11%),P:1e-170	Tpos:57.3,Tstd:33.4,Bpos:75.1,Bstd:44.8,StrandBias:0.9,Multiplicity:1.04
0.276	0.027	0.638	0.059
0.069	0.823	0.057	0.051
0.001	0.989	0.009	0.001
0.012	0.035	0.923	0.030
0.012	0.968	0.013	0.007
0.103	0.014	0.001	0.882
0.985	0.001	0.001	0.013
0.001	0.008	0.975	0.016
>TATAAAAT	10-TATAAAAT	5.975519	-326.215943	0	T:4275.0(25.25%),B:5647.0(17.46%),P:1e-141	Tpos:60.5,Tstd:38.9,Bpos:75.7,Bstd:45.0,StrandBias:0.4,Multiplicity:1.18
0.038	0.016	0.207	0.739
0.722	0.064	0.156	0.058
0.093	0.050	0.049	0.808
0.840	0.059	0.043	0.058
0.779	0.028	0.030	0.163
0.784	0.020	0.176	0.020
0.741	0.087	0.075	0.097
0.280	0.046	0.085	0.589
>CAACGCTG	11-CAACGCTG	10.135377	-235.804554	0	T:413.0(2.44%),B:220.6(0.68%),P:1e-102	Tpos:64.0,Tstd:33.1,Bpos:68.6,Bstd:47.2,StrandBias:0.4,Multiplicity:1.01
0.001	0.997	0.001	0.001
0.997	0.001	0.001	0.001
0.997	0.001	0.001	0.001
0.001	0.997	0.001	0.001
0.001	0.001	0.997	0.001
0.001	0.605	0.001	0.393
0.001	0.001	0.001	0.997
0.001	0.001	0.997	0.001
>AAAATGGC	12-AAAATGGC	8.932252	-230.093973	0	T:994.0(5.87%),B:902.9(2.79%),P:1e-99	Tpos:86.0,Tstd:39.0,Bpos:73.4,Bstd:42.4,StrandBias:0.4,Multiplicity:1.01
0.997	0.001	0.001	0.001
0.997	0.001	0.001	0.001
0.535	0.149	0.198	0.118
0.997	0.001	0.001	0.001
0.001	0.001	0.001	0.997
0.001	0.001	0.997	0.001
0.001	0.001	0.997	0.001
0.001	0.997	0.001	0.001
>ATCTGGCA	13-ATCTGGCA	8.707706	-224.950585	0	T:751.0(4.44%),B:603.6(1.87%),P:1e-97	Tpos:69.7,Tstd:37.9,Bpos:75.8,Bstd:43.0,StrandBias:0.6,Multiplicity:1.02
0.997	0.001	0.001	0.001
0.001	0.001	0.001	0.997
0.001	0.852	0.001	0.146
0.001	0.152	0.001	0.846
0.001	0.001	0.997	0.001
0.001	0.001	0.868	0.130
0.001	0.997	0.001	0.001
0.997	0.001	0.001	0.001
>TTGTTTAT	14-TTGTTTAT	4.241533	-163.895588	0	T:1576.0(9.31%),B:1883.4(5.82%),P:1e-71	Tpos:75.4,Tstd:39.4,Bpos:74.5,Bstd:47.8,StrandBias:0.6,Multiplicity:1.07
0.001	0.135	0.283	0.581
0.001	0.001	0.001	0.997
0.001	0.001	0.997	0.001
0.001	0.001	0.001	0.997
0.001	0.001	0.001	0.997
0.001	0.001	0.001	0.997
0.997	0.001	0.001	0.001
0.001	0.291	0.008	0.700
>GCGCCACC	15-GCGCCACC	7.964456	-138.923974	0	T:437.0(2.58%),B:340.1(1.05%),P:1e-60	Tpos:59.2,Tstd:33.2,Bpos:76.9,Bstd:45.3,StrandBias:-0.1,Multiplicity:1.04
0.001	0.001	0.997	0.001
0.001	0.997	0.001	0.001
0.001	0.001	0.997	0.001
0.001	0.997	0.001	0.001
0.001	0.845	0.001	0.153
0.934	0.064	0.001	0.001
0.001	0.997	0.001	0.001
0.001	0.824	0.001	0.174
>TGTCAAAW	16-TGTCAAAW	8.249844	-136.394695	0	T:1290.0(7.62%),B:1531.6(4.74%),P:1e-59	Tpos:83.6,Tstd:40.2,Bpos:71.8,Bstd:49.3,StrandBias:-0.1,Multiplicity:1.05
0.001	0.001	0.001	0.997
0.001	0.001	0.997	0.001
0.207	0.001	0.001	0.791
0.001	0.997	0.001	0.001
0.997	0.001	0.001	0.001
0.760	0.001	0.238	0.001
0.681	0.262	0.001	0.056
0.537	0.001	0.001	0.461
>AACACGTG	17-AACACGTG	6.321314	-112.764807	0	T:1166.0(6.89%),B:1415.3(4.38%),P:1e-48	Tpos:87.3,Tstd:43.9,Bpos:74.1,Bstd:48.1,StrandBias:-0.2,Multiplicity:1.03
0.693	0.179	0.055	0.073
0.762	0.159	0.064	0.015
0.077	0.898	0.001	0.024
0.997	0.001	0.001	0.001
0.048	0.930	0.021	0.001
0.019	0.001	0.979	0.001
0.001	0.012	0.001	0.986
0.020	0.018	0.889	0.073
>TCAAAACA	18-TCAAAACA	6.987808	-109.361406	0	T:1502.0(8.87%),B:1951.8(6.03%),P:1e-47	Tpos:76.7,Tstd:41.2,Bpos:73.6,Bstd:47.5,StrandBias:-0.1,Multiplicity:1.05
0.001	0.001	0.001	0.997
0.001	0.896	0.102	0.001
0.997	0.001	0.001	0.001
0.630	0.183	0.001	0.186
0.997	0.001	0.001	0.001
0.997	0.001	0.001	0.001
0.001	0.997	0.001	0.001
0.899	0.001	0.001	0.099
>CCTCCCCC	19-CCTCCCCC	6.023585	-106.900506	0	T:3146.0(18.58%),B:4704.7(14.55%),P:1e-46	Tpos:59.0,Tstd:38.2,Bpos:75.0,Bstd:42.8,StrandBias:-0.1,Multiplicity:1.27
0.076	0.919	0.004	0.001
0.001	0.763	0.001	0.235
0.132	0.001	0.241	0.626
0.059	0.939	0.001	0.001
0.001	0.997	0.001	0.001
0.001	0.576	0.004	0.419
0.179	0.521	0.001	0.299
0.001	0.680	0.001	0.318
>CCGACACG	20-CCGACACG	8.236954	-90.906083	0	T:181.0(1.07%),B:107.0(0.33%),P:1e-39	Tpos:111.8,Tstd:27.6,Bpos:79.8,Bstd:52.9,StrandBias:2.1,Multiplicity:1.01
0.100	0.700	0.100	0.100
0.100	0.700	0.100	0.100
0.100	0.100	0.700	0.100
0.700	0.100	0.100	0.100
0.100	0.700	0.100	0.100
0.700	0.100	0.100	0.100
0.100	0.700	0.100	0.100
0.100	0.100	0.700	0.100
>CCCTNAGG	21-CCCTNAGG	7.192975	-83.635884	0	T:335.0(1.98%),B:295.0(0.91%),P:1e-36	Tpos:54.3,Tstd:36.0,Bpos:75.3,Bstd:42.6,StrandBias:0.0,Multiplicity:1.00
0.123	0.696	0.180	0.001
0.001	0.997	0.001	0.001
0.001	0.997	0.001	0.001
0.123	0.099	0.001	0.777
0.215	0.338	0.214	0.232
0.466	0.189	0.206	0.139
0.001	0.001	0.997	0.001
0.001	0.139	0.859	0.001
>CAGCTGAT	22-CAGCTGAT	8.533792	-68.426897	0	T:583.0(3.44%),B:671.3(2.08%),P:1e-29	Tpos:73.8,Tstd:37.5,Bpos:80.4,Bstd:46.1,StrandBias:-0.1,Multiplicity:1.03
0.001	0.997	0.001	0.001
0.997	0.001	0.001	0.001
0.001	0.001	0.997	0.001
0.001	0.997	0.001	0.001
0.001	0.101	0.001	0.897
0.001	0.001	0.997	0.001
0.782	0.001	0.001	0.216
0.001	0.001	0.001	0.997
>AGTGAGAA	23-AGTGAGAA	8.322609	-64.898215	0	T:599.0(3.54%),B:705.9(2.18%),P:1e-28	Tpos:81.4,Tstd:37.0,Bpos:75.8,Bstd:47.0,StrandBias:0.9,Multiplicity:1.09
0.643	0.001	0.355	0.001
0.001	0.212	0.786	0.001
0.001	0.001	0.001	0.997
0.001	0.021	0.977	0.001
0.980	0.001	0.018	0.001
0.001	0.005	0.811	0.183
0.611	0.387	0.001	0.001
0.974	0.001	0.001	0.024
>CTTAAGAG	24-CTTAAGAG	8.236954	-58.803648	0	T:103.0(0.61%),B:56.7(0.18%),P:1e-25	Tpos:61.4,Tstd:35.7,Bpos:79.2,Bstd:44.7,StrandBias:1.7,Multiplicity:1.00
0.100	0.700	0.100	0.100
0.100	0.100	0.100	0.700
0.100	0.100	0.100	0.700
0.700	0.100	0.100	0.100
0.700	0.100	0.100	0.100
0.100	0.100	0.700	0.100
0.700	0.100	0.100	0.100
0.100	0.100	0.700	0.100
>CTATCGAT	25-CTATCGAT	7.380443	-32.211747	0	T:303.0(1.79%),B:361.5(1.12%),P:1e-13	Tpos:50.0,Tstd:30.0,Bpos:76.9,Bstd:43.4,StrandBias:0.1,Multiplicity:1.12
0.080	0.894	0.025	0.001
0.001	0.001	0.001	0.997
0.997	0.001	0.001	0.001
0.001	0.001	0.001	0.997
0.001	0.997	0.001	0.001
0.001	0.001	0.997	0.001
0.997	0.001	0.001	0.001
0.001	0.001	0.001	0.997
