>WAGCAGACGACD	1-WAGCAGACGACD	9.191016	-1742.341671	0	T:1556.0(9.19%),B:428.2(1.32%),P:1e-756	Tpos:79.2,Tstd:26.9,Bpos:75.8,Bstd:48.7,StrandBias:-0.3,Multiplicity:1.03
0.293	0.152	0.171	0.383
0.635	0.033	0.118	0.214
0.028	0.007	0.963	0.002
0.001	0.994	0.001	0.004
0.985	0.001	0.004	0.010
0.001	0.001	0.997	0.001
0.858	0.041	0.001	0.100
0.124	0.865	0.001	0.010
0.050	0.001	0.846	0.103
0.899	0.055	0.013	0.033
0.293	0.478	0.021	0.208
0.359	0.127	0.257	0.257
>GCCATCTAGCGG	2-GCCATCTAGCGG	7.638835	-1208.564733	0	T:1741.0(10.28%),B:805.4(2.49%),P:1e-524	Tpos:50.8,Tstd:27.7,Bpos:76.2,Bstd:44.3,StrandBias:-0.9,Multiplicity:1.08
0.145	0.021	0.733	0.101
0.249	0.625	0.025	0.101
0.009	0.935	0.001	0.055
0.789	0.175	0.034	0.002
0.001	0.247	0.002	0.750
0.001	0.997	0.001	0.001
0.085	0.001	0.010	0.904
0.561	0.024	0.370	0.045
0.098	0.104	0.556	0.242
0.052	0.530	0.068	0.350
0.223	0.016	0.711	0.050
0.231	0.064	0.525	0.180
>ATYTGGCAACGT	3-ATYTGGCAACGT	9.101250	-894.590968	0	T:867.0(5.12%),B:260.6(0.81%),P:1e-388	Tpos:57.2,Tstd:27.1,Bpos:69.4,Bstd:40.8,StrandBias:2.4,Multiplicity:1.03
0.883	0.001	0.101	0.015
0.251	0.203	0.034	0.512
0.103	0.439	0.058	0.400
0.001	0.097	0.001	0.901
0.001	0.001	0.997	0.001
0.086	0.001	0.912	0.001
0.001	0.997	0.001	0.001
0.997	0.001	0.001	0.001
0.912	0.001	0.001	0.086
0.001	0.866	0.001	0.132
0.096	0.092	0.676	0.136
0.012	0.246	0.110	0.632
>TGGCAACGYTGY	4-TGGCAACGYTGY	8.119186	-778.711215	0	T:867.0(5.12%),B:305.8(0.95%),P:1e-338	Tpos:61.3,Tstd:29.1,Bpos:72.5,Bstd:47.2,StrandBias:1.4,Multiplicity:1.02
0.206	0.222	0.092	0.480
0.071	0.085	0.643	0.201
0.227	0.003	0.608	0.162
0.052	0.892	0.054	0.002
0.816	0.001	0.180	0.003
0.592	0.043	0.248	0.117
0.085	0.667	0.030	0.218
0.201	0.166	0.504	0.129
0.099	0.415	0.114	0.372
0.152	0.074	0.003	0.771
0.003	0.006	0.928	0.063
0.093	0.335	0.113	0.458
>GVGTATAWAAAG	5-GVGTATAWAAAG	9.140588	-681.855456	0	T:847.0(5.00%),B:334.8(1.04%),P:1e-296	Tpos:70.3,Tstd:19.1,Bpos:76.3,Bstd:43.7,StrandBias:2.9,Multiplicity:1.01
0.070	0.231	0.437	0.262
0.301	0.257	0.364	0.079
0.216	0.001	0.725	0.058
0.016	0.001	0.011	0.972
0.993	0.001	0.005	0.001
0.019	0.001	0.010	0.970
0.997	0.001	0.001	0.001
0.560	0.001	0.001	0.438
0.964	0.001	0.034	0.001
0.986	0.001	0.001	0.012
0.581	0.001	0.300	0.118
0.157	0.261	0.532	0.050
>AGCGCCATCTTT	6-AGCGCCATCTTT	8.954386	-453.882986	0	T:548.0(3.24%),B:209.1(0.65%),P:1e-197	Tpos:56.1,Tstd:35.5,Bpos:76.3,Bstd:41.6,StrandBias:-0.6,Multiplicity:1.01
0.696	0.113	0.127	0.064
0.204	0.120	0.500	0.176
0.020	0.946	0.007	0.027
0.034	0.013	0.926	0.027
0.045	0.915	0.013	0.027
0.068	0.918	0.013	0.001
0.882	0.041	0.070	0.007
0.020	0.166	0.013	0.801
0.058	0.830	0.034	0.078
0.013	0.013	0.007	0.967
0.172	0.101	0.199	0.528
0.007	0.058	0.078	0.857
>ATCTCCGAMACG	7-ATCTCCGAMACG	9.690706	-360.917302	0	T:130.0(0.77%),B:6.9(0.02%),P:1e-156	Tpos:118.8,Tstd:8.4,Bpos:80.8,Bstd:47.2,StrandBias:10.0,Multiplicity:1.00
0.997	0.001	0.001	0.001
0.001	0.001	0.001	0.997
0.001	0.997	0.001	0.001
0.005	0.001	0.001	0.993
0.001	0.997	0.001	0.001
0.001	0.997	0.001	0.001
0.001	0.001	0.997	0.001
0.997	0.001	0.001	0.001
0.472	0.526	0.001	0.001
0.997	0.001	0.001	0.001
0.001	0.997	0.001	0.001
0.001	0.001	0.997	0.001
>GCGGCCATTTTG	8-GCGGCCATTTTG	7.384435	-276.381135	0	T:575.0(3.40%),B:348.3(1.08%),P:1e-120	Tpos:92.3,Tstd:36.0,Bpos:72.1,Bstd:42.3,StrandBias:-0.2,Multiplicity:1.00
0.001	0.001	0.578	0.420
0.015	0.847	0.001	0.137
0.195	0.234	0.523	0.048
0.001	0.001	0.997	0.001
0.001	0.997	0.001	0.001
0.001	0.997	0.001	0.001
0.997	0.001	0.001	0.001
0.001	0.001	0.001	0.997
0.096	0.048	0.212	0.644
0.014	0.001	0.001	0.984
0.001	0.001	0.001	0.997
0.039	0.042	0.574	0.345
>AATACCCGCAAG	9-AATACCCGCAAG	11.047017	-270.104218	0	T:155.0(0.92%),B:21.8(0.07%),P:1e-117	Tpos:39.5,Tstd:21.4,Bpos:74.0,Bstd:55.9,StrandBias:4.0,Multiplicity:1.00
0.875	0.009	0.037	0.079
0.963	0.019	0.009	0.009
0.200	0.037	0.074	0.689
0.832	0.131	0.028	0.009
0.073	0.568	0.331	0.028
0.028	0.898	0.028	0.046
0.001	0.902	0.018	0.079
0.018	0.046	0.927	0.009
0.037	0.825	0.042	0.096
0.883	0.028	0.028	0.061
0.945	0.028	0.018	0.009
0.018	0.210	0.707	0.065
>TCAGTCGASTGA	10-TCAGTCGASTGA	10.594918	-261.837223	0	T:164.0(0.97%),B:26.4(0.08%),P:1e-113	Tpos:104.0,Tstd:11.9,Bpos:79.0,Bstd:55.6,StrandBias:4.5,Multiplicity:1.00
0.131	0.029	0.126	0.714
0.007	0.733	0.117	0.143
0.837	0.116	0.007	0.040
0.052	0.011	0.887	0.050
0.011	0.004	0.004	0.981
0.011	0.957	0.017	0.015
0.022	0.139	0.791	0.048
0.610	0.028	0.028	0.334
0.255	0.308	0.406	0.032
0.028	0.232	0.244	0.496
0.011	0.093	0.560	0.336
0.454	0.181	0.146	0.219
>CTGCAGYGCACT	11-CTGCAGYGCACT	10.682174	-231.425023	0	T:78.0(0.46%),B:3.3(0.01%),P:1e-100	Tpos:134.7,Tstd:15.3,Bpos:126.7,Bstd:25.4,StrandBias:4.6,Multiplicity:1.00
0.002	0.708	0.098	0.192
0.090	0.071	0.001	0.838
0.041	0.033	0.592	0.334
0.064	0.840	0.066	0.030
0.834	0.002	0.038	0.126
0.149	0.041	0.807	0.003
0.127	0.483	0.034	0.356
0.042	0.281	0.487	0.190
0.093	0.638	0.190	0.079
0.571	0.025	0.114	0.290
0.115	0.452	0.209	0.224
0.076	0.065	0.065	0.794
>GGGTGAKMAAAA	12-GGGTGAKMAAAA	14.035918	-221.396314	0	T:121.0(0.71%),B:15.2(0.05%),P:1e-96	Tpos:58.4,Tstd:3.6,Bpos:82.6,Bstd:35.4,StrandBias:6.9,Multiplicity:1.00
0.024	0.024	0.928	0.024
0.024	0.053	0.878	0.045
0.016	0.016	0.952	0.016
0.008	0.024	0.008	0.960
0.057	0.061	0.850	0.032
0.928	0.032	0.016	0.024
0.016	0.069	0.456	0.458
0.480	0.426	0.045	0.048
0.934	0.029	0.029	0.008
0.862	0.053	0.045	0.040
0.912	0.024	0.024	0.040
0.883	0.040	0.053	0.024
>GCTYRAGAGGTG	13-GCTYRAGAGGTG	11.535184	-211.548057	0	T:92.0(0.54%),B:7.9(0.02%),P:1e-91	Tpos:46.8,Tstd:10.7,Bpos:74.8,Bstd:44.3,StrandBias:6.5,Multiplicity:1.00
0.001	0.001	0.997	0.001
0.001	0.997	0.001	0.001
0.001	0.001	0.001	0.997
0.001	0.465	0.001	0.533
0.455	0.001	0.396	0.148
0.990	0.001	0.008	0.001
0.260	0.001	0.738	0.001
0.997	0.001	0.001	0.001
0.001	0.001	0.869	0.129
0.001	0.001	0.997	0.001
0.053	0.001	0.001	0.945
0.001	0.001	0.869	0.129
>ATTATCAAGMAG	14-ATTATCAAGMAG	13.181330	-175.668375	0	T:111.0(0.66%),B:18.4(0.06%),P:1e-76	Tpos:23.9,Tstd:26.2,Bpos:91.2,Bstd:34.6,StrandBias:5.2,Multiplicity:1.00
0.995	0.001	0.001	0.003
0.001	0.003	0.001	0.995
0.001	0.001	0.001	0.997
0.919	0.001	0.001	0.079
0.001	0.001	0.003	0.995
0.001	0.995	0.001	0.003
0.979	0.001	0.017	0.003
0.995	0.001	0.003	0.001
0.117	0.001	0.881	0.001
0.448	0.481	0.001	0.070
0.997	0.001	0.001	0.001
0.001	0.001	0.995	0.003
>AGAAGAGGCTTC	15-AGAAGAGGCTTC	11.385017	-162.942948	0	T:54.0(0.32%),B:3.0(0.01%),P:1e-70	Tpos:55.6,Tstd:24.4,Bpos:77.2,Bstd:37.2,StrandBias:3.3,Multiplicity:1.00
0.992	0.006	0.001	0.001
0.001	0.001	0.997	0.001
0.992	0.001	0.006	0.001
0.992	0.001	0.001	0.006
0.001	0.007	0.985	0.007
0.992	0.001	0.001	0.006
0.001	0.001	0.997	0.001
0.018	0.001	0.980	0.001
0.001	0.997	0.001	0.001
0.007	0.007	0.007	0.979
0.001	0.001	0.001	0.997
0.001	0.959	0.007	0.033
>GAGAGAAWAGGC	16-GAGAGAAWAGGC	9.922235	-161.129103	0	T:125.0(0.74%),B:28.6(0.09%),P:1e-69	Tpos:80.6,Tstd:16.8,Bpos:76.4,Bstd:47.2,StrandBias:2.4,Multiplicity:1.00
0.001	0.001	0.804	0.194
0.997	0.001	0.001	0.001
0.004	0.001	0.994	0.001
0.997	0.001	0.001	0.001
0.001	0.001	0.749	0.249
0.997	0.001	0.001	0.001
0.997	0.001	0.001	0.001
0.526	0.001	0.001	0.472
0.997	0.001	0.001	0.001
0.001	0.001	0.994	0.004
0.001	0.001	0.982	0.016
0.001	0.997	0.001	0.001
>CRCCAGRTAGCG	17-CRCCAGRTAGCG	12.604063	-154.356227	0	T:44.0(0.26%),B:1.6(0.00%),P:1e-67	Tpos:60.7,Tstd:18.7,Bpos:62.6,Bstd:27.5,StrandBias:2.6,Multiplicity:1.00
0.001	0.876	0.122	0.001
0.501	0.001	0.497	0.001
0.001	0.753	0.123	0.123
0.001	0.997	0.001	0.001
0.997	0.001	0.001	0.001
0.001	0.001	0.997	0.001
0.498	0.123	0.377	0.001
0.001	0.001	0.004	0.994
0.876	0.001	0.001	0.122
0.001	0.001	0.997	0.001
0.001	0.876	0.001	0.122
0.001	0.001	0.876	0.122
>GACGCAGCAGAA	18-GACGCAGCAGAA	11.565245	-135.724774	0	T:47.0(0.28%),B:3.0(0.01%),P:1e-58	Tpos:111.3,Tstd:20.7,Bpos:70.9,Bstd:23.3,StrandBias:2.8,Multiplicity:1.00
0.064	0.038	0.858	0.040
0.748	0.096	0.104	0.052
0.053	0.630	0.300	0.017
0.304	0.059	0.604	0.033
0.047	0.632	0.280	0.041
0.674	0.268	0.023	0.035
0.323	0.029	0.531	0.117
0.052	0.869	0.035	0.044
0.662	0.041	0.215	0.082
0.029	0.069	0.862	0.040
0.680	0.035	0.279	0.006
0.848	0.088	0.035	0.029
>GTGAAACGAGGC	19-GTGAAACGAGGC	11.539729	-133.099248	0	T:56.0(0.33%),B:4.4(0.01%),P:1e-57	Tpos:104.1,Tstd:37.7,Bpos:59.4,Bstd:31.9,StrandBias:2.0,Multiplicity:1.00
0.007	0.001	0.991	0.001
0.001	0.001	0.001	0.997
0.001	0.001	0.991	0.007
0.997	0.001	0.001	0.001
0.985	0.007	0.007	0.001
0.991	0.001	0.001	0.007
0.001	0.997	0.001	0.001
0.007	0.001	0.985	0.007
0.997	0.001	0.001	0.001
0.001	0.001	0.997	0.001
0.001	0.001	0.946	0.052
0.001	0.985	0.007	0.007
>AATCGATAHHTH	20-AATCGATAHHTH	11.133247	-118.022605	0	T:128.0(0.76%),B:44.9(0.14%),P:1e-51	Tpos:48.8,Tstd:25.3,Bpos:73.5,Bstd:36.3,StrandBias:0.0,Multiplicity:1.04
0.658	0.001	0.001	0.340
0.993	0.001	0.001	0.005
0.001	0.001	0.001	0.997
0.001	0.997	0.001	0.001
0.001	0.001	0.997	0.001
0.997	0.001	0.001	0.001
0.001	0.001	0.174	0.824
0.754	0.001	0.006	0.239
0.379	0.258	0.001	0.362
0.290	0.403	0.001	0.306
0.019	0.001	0.067	0.913
0.393	0.302	0.016	0.288
>TGAAAACTGAAA	21-TGAAAACTGAAA	9.088168	-110.358310	0	T:609.0(3.60%),B:608.2(1.88%),P:1e-47	Tpos:76.1,Tstd:43.1,Bpos:76.1,Bstd:46.3,StrandBias:-0.4,Multiplicity:1.05
0.082	0.067	0.066	0.785
0.028	0.071	0.837	0.064
0.910	0.026	0.023	0.041
0.922	0.064	0.013	0.001
0.778	0.056	0.158	0.008
0.847	0.050	0.057	0.046
0.106	0.702	0.113	0.079
0.118	0.018	0.003	0.861
0.048	0.100	0.846	0.006
0.829	0.118	0.029	0.024
0.863	0.062	0.064	0.011
0.821	0.073	0.040	0.066
>TGTGTTTAGGGA	22-TGTGTTTAGGGA	11.825393	-90.593874	0	T:39.0(0.23%),B:3.7(0.01%),P:1e-39	Tpos:43.4,Tstd:25.1,Bpos:61.6,Bstd:23.3,StrandBias:3.2,Multiplicity:1.03
0.001	0.001	0.001	0.997
0.009	0.001	0.989	0.001
0.001	0.001	0.001	0.997
0.001	0.001	0.989	0.009
0.001	0.001	0.001	0.997
0.001	0.001	0.001	0.997
0.001	0.001	0.009	0.989
0.989	0.001	0.009	0.001
0.001	0.001	0.989	0.009
0.001	0.009	0.989	0.001
0.001	0.001	0.989	0.009
0.979	0.010	0.001	0.010
>GGGAAGGAGGAG	23-GGGAAGGAGGAG	8.206133	-79.431940	0	T:626.0(3.70%),B:705.0(2.18%),P:1e-34	Tpos:57.6,Tstd:37.2,Bpos:74.8,Bstd:41.0,StrandBias:0.2,Multiplicity:1.07
0.143	0.072	0.684	0.101
0.193	0.067	0.650	0.090
0.134	0.064	0.761	0.041
0.725	0.051	0.163	0.061
0.740	0.062	0.127	0.071
0.109	0.040	0.794	0.057
0.096	0.047	0.794	0.063
0.752	0.071	0.105	0.072
0.105	0.053	0.793	0.049
0.128	0.062	0.741	0.069
0.781	0.064	0.098	0.057
0.106	0.058	0.786	0.050
>TAAGTCGTYGGG	24-TAAGTCGTYGGG	13.003303	-45.007448	0	T:17.0(0.10%),B:1.6(0.00%),P:1e-19	Tpos:80.2,Tstd:40.6,Bpos:86.4,Bstd:39.4,StrandBias:5.4,Multiplicity:2.47
0.001	0.123	0.001	0.875
0.876	0.122	0.001	0.001
0.876	0.122	0.001	0.001
0.001	0.001	0.997	0.001
0.001	0.001	0.001	0.997
0.122	0.876	0.001	0.001
0.001	0.001	0.997	0.001
0.001	0.001	0.001	0.997
0.001	0.505	0.001	0.493
0.123	0.001	0.753	0.123
0.001	0.001	0.997	0.001
0.247	0.123	0.629	0.001
>CGATGACGATGA	25-CGATGACGATGA	11.859725	-34.219314	0	T:22.0(0.13%),B:5.0(0.02%),P:1e-14	Tpos:106.2,Tstd:37.3,Bpos:43.9,Bstd:13.4,StrandBias:3.9,Multiplicity:2.23
0.001	0.997	0.001	0.001
0.009	0.001	0.989	0.001
0.997	0.001	0.001	0.001
0.009	0.001	0.001	0.989
0.001	0.001	0.997	0.001
0.989	0.009	0.001	0.001
0.001	0.997	0.001	0.001
0.001	0.001	0.989	0.009
0.997	0.001	0.001	0.001
0.001	0.001	0.001	0.997
0.001	0.001	0.997	0.001
0.989	0.001	0.001	0.009
