>GCAACGTTGCCA	4-GCAACGTTGCCA,BestGuess:Unknown3/Drosophila-Promoters/Homer(0.664)	7.252181	-23292.748124	0	T:118942.0(5.10%),B:17630.8(2.57%),P:1e-10115
0.253	0.108	0.530	0.109
0.080	0.792	0.059	0.069
0.669	0.050	0.169	0.112
0.625	0.101	0.245	0.029
0.047	0.706	0.100	0.147
0.137	0.026	0.830	0.007
0.066	0.127	0.030	0.777
0.047	0.049	0.009	0.895
0.011	0.044	0.931	0.014
0.034	0.720	0.035	0.211
0.166	0.681	0.073	0.080
0.579	0.097	0.137	0.187
