>TGAAAACTGAAA	17-TGAAAACTGAAA	6.956564	-2456.323152	0	T:146053.0(6.26%),B:35760.8(5.21%),P:1e-1066
0.098	0.101	0.074	0.727
0.090	0.081	0.740	0.089
0.761	0.085	0.074	0.080
0.732	0.092	0.089	0.087
0.723	0.075	0.120	0.082
0.753	0.082	0.077	0.088
0.057	0.786	0.083	0.074
0.084	0.102	0.072	0.742
0.084	0.063	0.789	0.064
0.760	0.087	0.076	0.077
0.735	0.092	0.088	0.085
0.751	0.078	0.097	0.074
