>GGCGCTAGCGTC	20-GGCGCTAGCGTC	8.143874	-1732.345074	0	T:12852.0(0.55%),B:2146.2(0.31%),P:1e-752
0.158	0.112	0.632	0.098
0.035	0.134	0.716	0.115
0.091	0.681	0.138	0.090
0.068	0.135	0.669	0.128
0.106	0.667	0.110	0.117
0.140	0.086	0.099	0.675
0.554	0.108	0.148	0.190
0.064	0.139	0.638	0.159
0.155	0.543	0.123	0.179
0.151	0.036	0.705	0.108
0.095	0.036	0.141	0.728
0.047	0.698	0.107	0.148
