>TCAGCTGTCAAA	10-TCAGCTGTCAAA	6.848835	-4193.710256	0	T:133744.0(5.73%),B:30503.9(4.45%),P:1e-1821
0.102	0.108	0.087	0.703
0.075	0.725	0.101	0.099
0.745	0.071	0.081	0.103
0.099	0.099	0.718	0.084
0.085	0.738	0.083	0.094
0.066	0.071	0.068	0.795
0.071	0.066	0.791	0.072
0.083	0.067	0.058	0.792
0.074	0.759	0.070	0.097
0.778	0.070	0.067	0.085
0.723	0.082	0.090	0.105
0.733	0.090	0.088	0.089
