>MTCGATWBNTWR	12-MTCGATWBNTWR,BestGuess:MA0536.1_pnr/Jaspar(0.816)	9.045474	-3607.232233	0	T:12893.0(0.55%),B:1618.4(0.24%),P:1e-1566
0.431	0.347	0.031	0.191
0.370	0.028	0.026	0.576
0.046	0.915	0.008	0.031
0.032	0.056	0.848	0.064
0.873	0.022	0.041	0.064
0.045	0.074	0.084	0.797
0.522	0.026	0.022	0.430
0.028	0.302	0.310	0.360
0.228	0.251	0.257	0.264
0.096	0.063	0.145	0.696
0.407	0.239	0.020	0.334
0.461	0.080	0.417	0.041
