>AATCTGGCAACG	5-AATCTGGCAACG	8.604331	-17636.265240	0	T:50015.0(2.14%),B:5584.5(0.81%),P:1e-7659
0.514	0.061	0.262	0.163
0.859	0.012	0.098	0.031
0.193	0.247	0.093	0.467
0.201	0.479	0.150	0.169
0.057	0.219	0.078	0.646
0.047	0.026	0.823	0.104
0.151	0.007	0.715	0.127
0.004	0.984	0.011	0.001
0.877	0.001	0.046	0.076
0.720	0.014	0.104	0.162
0.075	0.544	0.091	0.290
0.248	0.144	0.405	0.204
