>STATAAAARS	1-STATAAAARS	8.501611	-1450.229142	0	T:1116.0(6.59%),B:239.4(0.77%),P:1e-629	Tpos:24.4,Tstd:8.9,Bpos:43.3,Bstd:28.6,StrandBias:10.0,Multiplicity:1.00
0.164	0.361	0.416	0.060
0.001	0.001	0.001	0.997
0.997	0.001	0.001	0.001
0.001	0.001	0.001	0.997
0.997	0.001	0.001	0.001
0.695	0.001	0.001	0.303
0.997	0.001	0.001	0.001
0.814	0.001	0.001	0.184
0.443	0.106	0.400	0.050
0.148	0.411	0.405	0.036
>NMDTCAGTCG	2-NMDTCAGTCG	4.907784	-1052.869237	0	T:4769.0(28.15%),B:4527.2(14.49%),P:1e-457	Tpos:53.4,Tstd:18.3,Bpos:50.7,Bstd:36.2,StrandBias:10.0,Multiplicity:1.14
0.263	0.299	0.195	0.243
0.270	0.409	0.161	0.160
0.272	0.112	0.303	0.313
0.072	0.109	0.117	0.702
0.067	0.831	0.051	0.051
0.915	0.010	0.054	0.021
0.012	0.039	0.840	0.109
0.033	0.019	0.024	0.924
0.069	0.684	0.037	0.210
0.142	0.103	0.506	0.249
>TCGTCTGCTA	3-TCGTCTGCTA	7.753316	-859.990329	0	T:844.0(4.98%),B:248.3(0.79%),P:1e-373	Tpos:43.5,Tstd:18.6,Bpos:49.2,Bstd:35.0,StrandBias:10.0,Multiplicity:1.02
0.019	0.013	0.026	0.942
0.053	0.877	0.003	0.067
0.001	0.005	0.980	0.014
0.016	0.001	0.011	0.972
0.001	0.997	0.001	0.001
0.002	0.001	0.001	0.996
0.001	0.002	0.996	0.001
0.001	0.991	0.001	0.007
0.055	0.012	0.001	0.932
0.495	0.142	0.123	0.240
>TAGCAGACGA	4-TAGCAGACGA	8.473503	-697.830244	0	T:549.0(3.24%),B:120.8(0.39%),P:1e-303	Tpos:34.4,Tstd:16.0,Bpos:51.2,Bstd:33.8,StrandBias:10.0,Multiplicity:1.01
0.163	0.067	0.060	0.710
0.891	0.001	0.019	0.089
0.001	0.001	0.986	0.012
0.001	0.997	0.001	0.001
0.996	0.001	0.001	0.002
0.001	0.001	0.997	0.001
0.975	0.001	0.001	0.023
0.071	0.927	0.001	0.001
0.031	0.003	0.922	0.044
0.941	0.032	0.007	0.020
>GGCAACGCTG	5-GGCAACGCTG	6.979134	-532.269243	0	T:575.0(3.39%),B:188.2(0.60%),P:1e-231	Tpos:27.9,Tstd:17.8,Bpos:50.7,Bstd:29.1,StrandBias:10.0,Multiplicity:1.01
0.001	0.001	0.949	0.049
0.037	0.001	0.961	0.001
0.011	0.987	0.001	0.001
0.997	0.001	0.001	0.001
0.954	0.002	0.017	0.027
0.001	0.896	0.001	0.102
0.059	0.044	0.859	0.038
0.017	0.699	0.062	0.222
0.084	0.064	0.008	0.844
0.001	0.001	0.961	0.037
>CAAGATGGCG	6-CAAGATGGCG	7.358294	-433.801111	0	T:736.0(4.34%),B:370.7(1.19%),P:1e-188	Tpos:48.1,Tstd:25.3,Bpos:49.7,Bstd:29.2,StrandBias:10.0,Multiplicity:1.02
0.267	0.474	0.115	0.144
0.540	0.234	0.001	0.225
0.997	0.001	0.001	0.001
0.224	0.247	0.424	0.105
0.825	0.001	0.173	0.001
0.034	0.001	0.075	0.890
0.104	0.001	0.894	0.001
0.031	0.003	0.790	0.176
0.107	0.770	0.010	0.113
0.203	0.143	0.419	0.235
>TCYGAYACGG	7-TCYGAYACGG	9.704396	-335.310829	0	T:139.0(0.82%),B:9.4(0.03%),P:1e-145	Tpos:69.0,Tstd:10.5,Bpos:44.6,Bstd:28.6,StrandBias:10.0,Multiplicity:1.00
0.167	0.001	0.001	0.831
0.218	0.672	0.109	0.001
0.024	0.536	0.001	0.439
0.001	0.032	0.966	0.001
0.886	0.004	0.109	0.001
0.001	0.560	0.001	0.438
0.974	0.001	0.024	0.001
0.167	0.723	0.109	0.001
0.109	0.001	0.889	0.001
0.001	0.024	0.866	0.109
>GGGTGAGAAA	8-GGGTGAGAAA	10.296193	-212.089105	0	T:89.0(0.53%),B:6.6(0.02%),P:1e-92	Tpos:8.3,Tstd:2.7,Bpos:49.0,Bstd:21.5,StrandBias:10.0,Multiplicity:1.00
0.100	0.100	0.700	0.100
0.100	0.100	0.700	0.100
0.100	0.100	0.700	0.100
0.100	0.100	0.100	0.700
0.100	0.100	0.700	0.100
0.700	0.100	0.100	0.100
0.100	0.100	0.700	0.100
0.700	0.100	0.100	0.100
0.700	0.100	0.100	0.100
0.700	0.100	0.100	0.100
>ATCTGGCAAC	9-ATCTGGCAAC	9.435046	-202.180231	0	T:86.0(0.51%),B:6.5(0.02%),P:1e-87	Tpos:28.1,Tstd:21.1,Bpos:32.6,Bstd:8.2,StrandBias:10.0,Multiplicity:1.00
0.997	0.001	0.001	0.001
0.001	0.001	0.001	0.997
0.001	0.997	0.001	0.001
0.013	0.001	0.001	0.985
0.001	0.001	0.997	0.001
0.001	0.001	0.962	0.036
0.001	0.997	0.001	0.001
0.997	0.001	0.001	0.001
0.975	0.023	0.001	0.001
0.001	0.997	0.001	0.001
>CGCTAGAGGG	10-CGCTAGAGGG	8.373704	-190.330293	0	T:215.0(1.27%),B:74.4(0.24%),P:1e-82	Tpos:30.2,Tstd:20.3,Bpos:47.2,Bstd:31.3,StrandBias:10.0,Multiplicity:1.00
0.075	0.866	0.043	0.016
0.093	0.020	0.880	0.007
0.041	0.885	0.054	0.020
0.091	0.150	0.042	0.717
0.957	0.018	0.011	0.014
0.014	0.011	0.933	0.042
0.747	0.034	0.140	0.079
0.034	0.037	0.616	0.313
0.092	0.071	0.731	0.106
0.226	0.033	0.670	0.071
>TGGCAACGTC	11-TGGCAACGTC	7.832719	-179.474682	0	T:114.0(0.67%),B:18.0(0.06%),P:1e-77	Tpos:33.4,Tstd:22.4,Bpos:56.5,Bstd:13.7,StrandBias:10.0,Multiplicity:1.00
0.001	0.001	0.001	0.997
0.001	0.001	0.997	0.001
0.001	0.001	0.997	0.001
0.001	0.992	0.006	0.001
0.992	0.001	0.001	0.006
0.981	0.017	0.001	0.001
0.006	0.992	0.001	0.001
0.001	0.065	0.786	0.148
0.001	0.001	0.031	0.967
0.104	0.894	0.001	0.001
>GAGAAAAGGC	12-GAGAAAAGGC	7.731358	-178.346435	0	T:101.0(0.60%),B:13.1(0.04%),P:1e-77	Tpos:37.2,Tstd:6.3,Bpos:54.3,Bstd:32.0,StrandBias:10.0,Multiplicity:1.00
0.001	0.001	0.997	0.001
0.997	0.001	0.001	0.001
0.001	0.001	0.997	0.001
0.995	0.001	0.003	0.001
0.997	0.001	0.001	0.001
0.997	0.001	0.001	0.001
0.997	0.001	0.001	0.001
0.001	0.001	0.997	0.001
0.001	0.001	0.742	0.256
0.001	0.997	0.001	0.001
>AGTGAGCATC	13-AGTGAGCATC	7.969608	-167.733022	0	T:97.0(0.57%),B:13.2(0.04%),P:1e-72	Tpos:59.8,Tstd:9.0,Bpos:33.4,Bstd:24.1,StrandBias:10.0,Multiplicity:1.00
0.986	0.001	0.012	0.001
0.001	0.001	0.997	0.001
0.001	0.046	0.228	0.725
0.001	0.001	0.997	0.001
0.997	0.001	0.001	0.001
0.001	0.001	0.997	0.001
0.001	0.997	0.001	0.001
0.994	0.001	0.001	0.004
0.001	0.001	0.001	0.997
0.012	0.982	0.005	0.001
>ACAACTGCAG	14-ACAACTGCAG	10.323833	-162.409879	0	T:107.0(0.63%),B:18.7(0.06%),P:1e-70	Tpos:79.5,Tstd:15.9,Bpos:62.0,Bstd:26.0,StrandBias:10.0,Multiplicity:1.00
0.997	0.001	0.001	0.001
0.001	0.997	0.001	0.001
0.988	0.001	0.010	0.001
0.959	0.001	0.001	0.039
0.001	0.997	0.001	0.001
0.001	0.001	0.001	0.997
0.001	0.001	0.749	0.249
0.001	0.991	0.004	0.004
0.956	0.042	0.001	0.001
0.001	0.003	0.995	0.001
>TGCTGTTTAG	15-TGCTGTTTAG	9.106789	-138.750466	0	T:162.0(0.96%),B:58.9(0.19%),P:1e-60	Tpos:38.0,Tstd:20.1,Bpos:51.3,Bstd:30.9,StrandBias:10.0,Multiplicity:1.01
0.263	0.185	0.023	0.529
0.187	0.046	0.766	0.001
0.193	0.757	0.001	0.049
0.291	0.061	0.005	0.643
0.014	0.014	0.963	0.009
0.009	0.005	0.042	0.944
0.009	0.084	0.009	0.898
0.151	0.005	0.063	0.781
0.994	0.004	0.001	0.001
0.152	0.081	0.734	0.033
>TGAVACGAGG	16-TGAVACGAGG	11.551288	-134.662863	0	T:61.0(0.36%),B:5.4(0.02%),P:1e-58	Tpos:68.2,Tstd:16.5,Bpos:72.6,Bstd:7.6,StrandBias:10.0,Multiplicity:1.00
0.001	0.001	0.001	0.997
0.001	0.001	0.997	0.001
0.681	0.317	0.001	0.001
0.295	0.386	0.317	0.001
0.997	0.001	0.001	0.001
0.001	0.997	0.001	0.001
0.001	0.001	0.997	0.001
0.997	0.001	0.001	0.001
0.385	0.001	0.613	0.001
0.001	0.001	0.997	0.001
>AGTGTCTTCA	17-AGTGTCTTCA	11.124613	-129.259808	0	T:51.0(0.30%),B:3.6(0.01%),P:1e-56	Tpos:40.7,Tstd:23.3,Bpos:49.6,Bstd:36.9,StrandBias:10.0,Multiplicity:1.00
0.997	0.001	0.001	0.001
0.001	0.318	0.680	0.001
0.001	0.115	0.001	0.883
0.354	0.001	0.644	0.001
0.001	0.115	0.001	0.883
0.001	0.997	0.001	0.001
0.001	0.001	0.001	0.997
0.001	0.001	0.001	0.997
0.001	0.602	0.383	0.014
0.681	0.001	0.317	0.001
>GKGACGYTTC	18-GKGACGYTTC	11.319368	-105.694058	0	T:48.0(0.28%),B:5.0(0.02%),P:1e-45	Tpos:75.8,Tstd:23.9,Bpos:21.7,Bstd:5.2,StrandBias:10.0,Multiplicity:1.02
0.001	0.001	0.997	0.001
0.001	0.140	0.419	0.440
0.001	0.001	0.997	0.001
0.997	0.001	0.001	0.001
0.001	0.997	0.001	0.001
0.001	0.001	0.997	0.001
0.166	0.445	0.001	0.388
0.001	0.305	0.001	0.693
0.305	0.001	0.001	0.693
0.025	0.973	0.001	0.001
>TAACATGAAA	19-TAACATGAAA	9.379563	-102.840492	0	T:75.0(0.44%),B:16.0(0.05%),P:1e-44	Tpos:72.8,Tstd:27.5,Bpos:55.1,Bstd:22.2,StrandBias:10.0,Multiplicity:1.00
0.001	0.373	0.001	0.625
0.997	0.001	0.001	0.001
0.981	0.001	0.001	0.017
0.001	0.997	0.001	0.001
0.997	0.001	0.001	0.001
0.001	0.001	0.001	0.997
0.100	0.001	0.898	0.001
0.997	0.001	0.001	0.001
0.997	0.001	0.001	0.001
0.963	0.001	0.035	0.001
>GGCCATTTTG	20-GGCCATTTTG	10.296193	-100.932472	0	T:61.0(0.36%),B:9.7(0.03%),P:1e-43	Tpos:49.4,Tstd:15.3,Bpos:62.5,Bstd:30.5,StrandBias:10.0,Multiplicity:1.00
0.100	0.100	0.700	0.100
0.100	0.100	0.700	0.100
0.100	0.700	0.100	0.100
0.100	0.700	0.100	0.100
0.700	0.100	0.100	0.100
0.100	0.100	0.100	0.700
0.100	0.100	0.100	0.700
0.100	0.100	0.100	0.700
0.100	0.100	0.100	0.700
0.100	0.100	0.700	0.100
>GGGCGAAACA	21-GGGCGAAACA	10.535680	-97.422145	0	T:37.0(0.22%),B:2.5(0.01%),P:1e-42	Tpos:65.4,Tstd:30.7,Bpos:55.6,Bstd:9.8,StrandBias:10.0,Multiplicity:1.00
0.001	0.001	0.997	0.001
0.033	0.001	0.837	0.129
0.001	0.001	0.997	0.001
0.001	0.997	0.001	0.001
0.001	0.001	0.997	0.001
0.758	0.240	0.001	0.001
0.997	0.001	0.001	0.001
0.758	0.001	0.001	0.240
0.001	0.997	0.001	0.001
0.758	0.001	0.001	0.240
>CGTAGCAGAA	22-CGTAGCAGAA	11.429352	-86.881674	0	T:53.0(0.31%),B:8.7(0.03%),P:1e-37	Tpos:67.0,Tstd:13.9,Bpos:60.2,Bstd:17.6,StrandBias:10.0,Multiplicity:1.00
0.001	0.997	0.001	0.001
0.001	0.001	0.997	0.001
0.001	0.276	0.001	0.722
0.997	0.001	0.001	0.001
0.001	0.001	0.997	0.001
0.001	0.997	0.001	0.001
0.758	0.001	0.001	0.240
0.001	0.001	0.997	0.001
0.997	0.001	0.001	0.001
0.517	0.241	0.241	0.001
>GGTGATCAAA	23-GGTGATCAAA	9.315961	-73.297706	0	T:30.0(0.18%),B:2.6(0.01%),P:1e-31	Tpos:17.4,Tstd:25.7,Bpos:38.3,Bstd:17.3,StrandBias:10.0,Multiplicity:1.00
0.001	0.001	0.997	0.001
0.001	0.001	0.997	0.001
0.011	0.001	0.001	0.987
0.001	0.001	0.997	0.001
0.997	0.001	0.001	0.001
0.001	0.001	0.001	0.997
0.001	0.997	0.001	0.001
0.987	0.001	0.001	0.011
0.997	0.001	0.001	0.001
0.997	0.001	0.001	0.001
>TGTGCACCAG	24-TGTGCACCAG	11.241514	-67.742075	0	T:38.0(0.22%),B:5.7(0.02%),P:1e-29	Tpos:24.3,Tstd:20.5,Bpos:43.8,Bstd:24.3,StrandBias:10.0,Multiplicity:1.00
0.001	0.001	0.001	0.997
0.001	0.001	0.997	0.001
0.001	0.001	0.001	0.997
0.001	0.193	0.805	0.001
0.001	0.997	0.001	0.001
0.827	0.001	0.170	0.002
0.001	0.997	0.001	0.001
0.001	0.997	0.001	0.001
0.681	0.001	0.001	0.317
0.001	0.001	0.681	0.317
>CGATGACGAT	25-CGATGACGAT	10.296193	-27.702555	0	T:15.0(0.09%),B:2.2(0.01%),P:1e-12	Tpos:72.2,Tstd:14.7,Bpos:58.4,Bstd:10.1,StrandBias:10.0,Multiplicity:2.53
0.100	0.700	0.100	0.100
0.100	0.100	0.700	0.100
0.700	0.100	0.100	0.100
0.100	0.100	0.100	0.700
0.100	0.100	0.700	0.100
0.700	0.100	0.100	0.100
0.100	0.700	0.100	0.100
0.100	0.100	0.700	0.100
0.700	0.100	0.100	0.100
0.100	0.100	0.100	0.700
>GTATAAAARSVS	1-GTATAAAARSVS	7.831391	-1529.325628	0	T:1161.0(6.85%),B:244.9(0.78%),P:1e-664	Tpos:25.2,Tstd:8.4,Bpos:45.8,Bstd:30.4,StrandBias:10.0,Multiplicity:1.00
0.115	0.165	0.705	0.015
0.001	0.001	0.001	0.997
0.997	0.001	0.001	0.001
0.001	0.001	0.001	0.997
0.997	0.001	0.001	0.001
0.689	0.001	0.001	0.309
0.997	0.001	0.001	0.001
0.898	0.001	0.001	0.100
0.478	0.018	0.463	0.041
0.146	0.358	0.438	0.058
0.294	0.295	0.321	0.090
0.214	0.319	0.396	0.071
>TGTCGTCTGCTD	2-TGTCGTCTGCTD	9.219487	-1009.020767	0	T:763.0(4.50%),B:158.0(0.51%),P:1e-438	Tpos:42.7,Tstd:18.3,Bpos:49.0,Bstd:30.4,StrandBias:10.0,Multiplicity:1.02
0.269	0.157	0.105	0.469
0.242	0.001	0.503	0.254
0.105	0.226	0.112	0.557
0.174	0.642	0.001	0.183
0.001	0.001	0.912	0.086
0.077	0.001	0.001	0.921
0.001	0.997	0.001	0.001
0.001	0.001	0.001	0.997
0.001	0.001	0.997	0.001
0.001	0.997	0.001	0.001
0.204	0.073	0.057	0.666
0.248	0.168	0.221	0.362
>NNNNDTCAGTYK	3-NNNNDTCAGTYK	5.491508	-989.422920	0	T:4308.0(25.43%),B:3992.5(12.78%),P:1e-429	Tpos:52.8,Tstd:17.7,Bpos:50.6,Bstd:35.9,StrandBias:10.0,Multiplicity:1.11
0.298	0.210	0.261	0.231
0.276	0.238	0.265	0.222
0.313	0.242	0.185	0.260
0.252	0.330	0.199	0.219
0.309	0.141	0.272	0.278
0.152	0.139	0.184	0.525
0.028	0.907	0.001	0.064
0.874	0.006	0.041	0.079
0.001	0.058	0.762	0.179
0.001	0.001	0.001	0.997
0.029	0.556	0.005	0.410
0.188	0.133	0.405	0.274
>TGGCAACGYTGH	4-TGGCAACGYTGH	8.344645	-735.894280	0	T:623.0(3.68%),B:151.7(0.49%),P:1e-319	Tpos:27.4,Tstd:16.7,Bpos:47.6,Bstd:28.9,StrandBias:10.0,Multiplicity:1.01
0.044	0.145	0.014	0.797
0.004	0.011	0.876	0.109
0.126	0.001	0.851	0.022
0.007	0.991	0.001	0.001
0.997	0.001	0.001	0.001
0.796	0.015	0.065	0.124
0.018	0.754	0.001	0.227
0.209	0.087	0.605	0.099
0.056	0.469	0.094	0.382
0.188	0.288	0.019	0.505
0.130	0.055	0.643	0.172
0.232	0.321	0.131	0.316
>TAGCAGACGAHW	5-TAGCAGACGAHW	8.966132	-732.415849	0	T:591.0(3.49%),B:134.9(0.43%),P:1e-318	Tpos:34.9,Tstd:15.3,Bpos:46.4,Bstd:32.0,StrandBias:10.0,Multiplicity:1.01
0.208	0.151	0.058	0.583
0.696	0.008	0.048	0.248
0.008	0.017	0.950	0.025
0.001	0.990	0.001	0.008
0.990	0.001	0.008	0.001
0.001	0.008	0.974	0.017
0.918	0.030	0.001	0.051
0.087	0.895	0.001	0.017
0.051	0.008	0.842	0.099
0.743	0.172	0.051	0.034
0.295	0.393	0.056	0.256
0.351	0.145	0.127	0.377
>CYAGATGGCGCT	6-CYAGATGGCGCT	7.948420	-405.883195	0	T:428.0(2.53%),B:136.2(0.44%),P:1e-176	Tpos:31.6,Tstd:16.5,Bpos:51.0,Bstd:29.5,StrandBias:10.0,Multiplicity:1.00
0.216	0.691	0.056	0.037
0.087	0.401	0.006	0.506
0.981	0.006	0.012	0.001
0.025	0.006	0.968	0.001
0.882	0.006	0.111	0.001
0.025	0.025	0.019	0.931
0.133	0.001	0.860	0.006
0.062	0.001	0.736	0.201
0.050	0.913	0.012	0.025
0.120	0.025	0.727	0.128
0.060	0.620	0.079	0.241
0.081	0.173	0.276	0.470
>GGGTGAGAAAAA	7-GGGTGAGAAAAA	9.642685	-398.197092	0	T:109.0(0.64%),B:2.8(0.01%),P:1e-172	Tpos:10.3,Tstd:4.5,Bpos:58.5,Bstd:17.4,StrandBias:10.0,Multiplicity:1.00
0.001	0.001	0.997	0.001
0.041	0.001	0.957	0.001
0.001	0.001	0.997	0.001
0.001	0.001	0.001	0.997
0.001	0.044	0.934	0.021
0.997	0.001	0.001	0.001
0.001	0.001	0.986	0.012
0.997	0.001	0.001	0.001
0.997	0.001	0.001	0.001
0.997	0.001	0.001	0.001
0.997	0.001	0.001	0.001
0.997	0.001	0.001	0.001
>TGAGYATCACCG	8-TGAGYATCACCG	11.907012	-347.443094	0	T:115.0(0.68%),B:4.9(0.02%),P:1e-150	Tpos:64.3,Tstd:5.0,Bpos:45.8,Bstd:22.3,StrandBias:10.0,Multiplicity:1.00
0.001	0.273	0.001	0.725
0.001	0.001	0.997	0.001
0.758	0.001	0.240	0.001
0.001	0.001	0.997	0.001
0.001	0.483	0.001	0.515
0.517	0.001	0.241	0.241
0.001	0.002	0.241	0.756
0.001	0.997	0.001	0.001
0.724	0.001	0.001	0.274
0.001	0.997	0.001	0.001
0.001	0.997	0.001	0.001
0.001	0.001	0.997	0.001
>ACACGGCAACAA	9-ACACGGCAACAA	10.361633	-316.591468	0	T:91.0(0.54%),B:2.4(0.01%),P:1e-137	Tpos:76.0,Tstd:4.9,Bpos:67.8,Bstd:10.0,StrandBias:10.0,Multiplicity:1.00
0.997	0.001	0.001	0.001
0.001	0.992	0.001	0.006
0.996	0.001	0.001	0.002
0.001	0.997	0.001	0.001
0.018	0.001	0.980	0.001
0.001	0.001	0.997	0.001
0.001	0.996	0.002	0.001
0.997	0.001	0.001	0.001
0.997	0.001	0.001	0.001
0.001	0.996	0.002	0.001
0.997	0.001	0.001	0.001
0.995	0.002	0.001	0.002
>AGAGAAAAGGCG	10-AGAGAAAAGGCG	12.358033	-245.431531	0	T:94.0(0.55%),B:5.7(0.02%),P:1e-106	Tpos:36.5,Tstd:7.0,Bpos:47.5,Bstd:44.6,StrandBias:10.0,Multiplicity:1.00
0.929	0.001	0.028	0.042
0.078	0.070	0.838	0.014
0.929	0.001	0.056	0.014
0.028	0.056	0.866	0.050
0.971	0.001	0.014	0.014
0.916	0.014	0.042	0.028
0.888	0.014	0.070	0.028
0.804	0.056	0.042	0.098
0.084	0.014	0.795	0.107
0.070	0.042	0.670	0.218
0.098	0.818	0.056	0.028
0.112	0.172	0.595	0.121
>CTGTTTAGTCTC	11-CTGTTTAGTCTC	10.821551	-244.370658	0	T:82.0(0.48%),B:3.5(0.01%),P:1e-106	Tpos:35.6,Tstd:18.8,Bpos:55.0,Bstd:13.1,StrandBias:10.0,Multiplicity:1.00
0.009	0.863	0.035	0.093
0.018	0.027	0.009	0.946
0.035	0.070	0.833	0.062
0.026	0.050	0.018	0.906
0.018	0.053	0.009	0.920
0.018	0.009	0.094	0.879
0.833	0.018	0.044	0.105
0.026	0.067	0.889	0.018
0.018	0.087	0.018	0.877
0.073	0.678	0.085	0.164
0.045	0.144	0.053	0.758
0.079	0.629	0.053	0.239
>TCCAAGACGCAG	12-TCCAAGACGCAG	11.371221	-230.154614	0	T:71.0(0.42%),B:2.6(0.01%),P:1e-99	Tpos:71.3,Tstd:18.6,Bpos:47.5,Bstd:14.2,StrandBias:10.0,Multiplicity:1.00
0.001	0.001	0.001	0.997
0.001	0.997	0.001	0.001
0.001	0.997	0.001	0.001
0.750	0.028	0.034	0.188
0.805	0.001	0.001	0.193
0.001	0.313	0.685	0.001
0.997	0.001	0.001	0.001
0.001	0.627	0.001	0.371
0.001	0.001	0.997	0.001
0.339	0.659	0.001	0.001
0.997	0.001	0.001	0.001
0.001	0.001	0.997	0.001
>CTGCAGCGCACT	13-CTGCAGCGCACT	12.104368	-197.078231	0	T:63.0(0.37%),B:2.7(0.01%),P:1e-85	Tpos:84.7,Tstd:14.5,Bpos:47.3,Bstd:9.1,StrandBias:10.0,Multiplicity:1.00
0.001	0.889	0.001	0.109
0.001	0.001	0.109	0.889
0.001	0.001	0.759	0.239
0.001	0.997	0.001	0.001
0.997	0.001	0.001	0.001
0.001	0.218	0.780	0.001
0.109	0.646	0.001	0.244
0.001	0.001	0.671	0.327
0.001	0.997	0.001	0.001
0.968	0.001	0.001	0.030
0.329	0.669	0.001	0.001
0.001	0.001	0.001	0.997
>ATYGTGACGTTT	14-ATYGTGACGTTT	11.302231	-176.911880	0	T:58.0(0.34%),B:2.3(0.01%),P:1e-76	Tpos:72.2,Tstd:25.5,Bpos:41.3,Bstd:15.9,StrandBias:10.0,Multiplicity:1.00
0.611	0.002	0.334	0.053
0.053	0.148	0.155	0.644
0.026	0.439	0.001	0.534
0.026	0.148	0.773	0.053
0.052	0.185	0.001	0.762
0.001	0.037	0.961	0.001
0.947	0.026	0.026	0.001
0.185	0.674	0.055	0.086
0.001	0.001	0.997	0.001
0.137	0.001	0.001	0.861
0.001	0.026	0.140	0.833
0.001	0.271	0.052	0.676
>CRGCCATTTTGT	15-CRGCCATTTTGT	13.174464	-161.132352	0	T:60.0(0.35%),B:3.9(0.01%),P:1e-69	Tpos:47.7,Tstd:13.9,Bpos:78.3,Bstd:16.0,StrandBias:10.0,Multiplicity:1.00
0.001	0.918	0.001	0.080
0.428	0.001	0.491	0.080
0.001	0.001	0.995	0.003
0.001	0.976	0.001	0.022
0.001	0.995	0.003	0.001
0.997	0.001	0.001	0.001
0.001	0.001	0.001	0.997
0.373	0.001	0.002	0.624
0.001	0.003	0.080	0.916
0.001	0.001	0.001	0.997
0.080	0.210	0.709	0.001
0.392	0.001	0.001	0.606
>GTCTTCAGGGAC	16-GTCTTCAGGGAC	9.981395	-157.253053	0	T:45.0(0.27%),B:0.8(0.00%),P:1e-68	Tpos:33.3,Tstd:15.8,Bpos:14.0,Bstd:0.0,StrandBias:10.0,Multiplicity:1.00
0.044	0.001	0.954	0.001
0.001	0.001	0.001	0.997
0.001	0.804	0.001	0.194
0.001	0.001	0.001	0.997
0.194	0.001	0.001	0.804
0.001	0.997	0.001	0.001
0.997	0.001	0.001	0.001
0.001	0.001	0.997	0.001
0.194	0.001	0.804	0.001
0.001	0.001	0.997	0.001
0.804	0.001	0.194	0.001
0.001	0.971	0.001	0.027
>TTTAAAATGGCG	17-TTTAAAATGGCG	12.107819	-126.794185	0	T:38.0(0.22%),B:1.8(0.01%),P:1e-55	Tpos:55.3,Tstd:18.9,Bpos:72.6,Bstd:0.3,StrandBias:10.0,Multiplicity:1.00
0.022	0.022	0.022	0.934
0.022	0.022	0.022	0.934
0.056	0.100	0.151	0.693
0.957	0.021	0.021	0.001
0.977	0.021	0.001	0.001
0.997	0.001	0.001	0.001
0.997	0.001	0.001	0.001
0.055	0.001	0.001	0.943
0.001	0.001	0.997	0.001
0.001	0.021	0.977	0.001
0.001	0.997	0.001	0.001
0.001	0.001	0.977	0.021
>GTGAAACGAGGC	18-GTGAAACGAGGC	11.420802	-102.593502	0	T:47.0(0.28%),B:4.1(0.01%),P:1e-44	Tpos:69.8,Tstd:11.1,Bpos:74.3,Bstd:7.2,StrandBias:10.0,Multiplicity:1.00
0.007	0.001	0.985	0.007
0.001	0.001	0.001	0.997
0.001	0.006	0.992	0.001
0.997	0.001	0.001	0.001
0.997	0.001	0.001	0.001
0.992	0.001	0.001	0.006
0.001	0.997	0.001	0.001
0.007	0.001	0.985	0.007
0.997	0.001	0.001	0.001
0.001	0.001	0.997	0.001
0.001	0.001	0.979	0.019
0.007	0.979	0.007	0.007
>GGGTGGTCAAAA	19-GGGTGGTCAAAA	11.877034	-83.459091	0	T:33.0(0.19%),B:2.8(0.01%),P:1e-36	Tpos:17.3,Tstd:22.9,Bpos:33.8,Bstd:8.9,StrandBias:10.0,Multiplicity:1.00
0.001	0.001	0.847	0.151
0.076	0.001	0.771	0.152
0.001	0.075	0.923	0.001
0.001	0.001	0.075	0.923
0.001	0.229	0.617	0.153
0.084	0.001	0.762	0.153
0.379	0.001	0.001	0.619
0.001	0.847	0.151	0.001
0.997	0.001	0.001	0.001
0.997	0.001	0.001	0.001
0.847	0.076	0.076	0.001
0.997	0.001	0.001	0.001
>TGAAGCCAACAC	20-TGAAGCCAACAC	10.769431	-83.459091	0	T:33.0(0.19%),B:2.8(0.01%),P:1e-36	Tpos:65.7,Tstd:13.9,Bpos:39.3,Bstd:15.5,StrandBias:10.0,Multiplicity:1.00
0.079	0.063	0.029	0.829
0.047	0.079	0.801	0.073
0.904	0.048	0.016	0.032
0.889	0.016	0.063	0.032
0.136	0.057	0.775	0.032
0.001	0.873	0.016	0.110
0.063	0.874	0.047	0.016
0.779	0.032	0.173	0.016
0.937	0.031	0.031	0.001
0.048	0.826	0.063	0.063
0.863	0.032	0.016	0.089
0.095	0.667	0.175	0.063
>CAGACGTCGTCT	21-CAGACGTCGTCT	9.356878	-79.114462	0	T:64.0(0.38%),B:15.8(0.05%),P:1e-34	Tpos:58.5,Tstd:24.6,Bpos:34.9,Bstd:22.1,StrandBias:10.0,Multiplicity:1.00
0.071	0.720	0.121	0.088
0.583	0.122	0.097	0.198
0.082	0.046	0.724	0.148
0.547	0.151	0.059	0.243
0.072	0.723	0.079	0.126
0.217	0.018	0.655	0.110
0.071	0.123	0.001	0.805
0.027	0.779	0.051	0.143
0.067	0.030	0.809	0.094
0.126	0.071	0.190	0.613
0.045	0.716	0.098	0.141
0.134	0.145	0.076	0.645
>TTTAGTGTTTAC	22-TTTAGTGTTTAC	10.041022	-70.603435	0	T:33.0(0.19%),B:4.0(0.01%),P:1e-30	Tpos:53.4,Tstd:28.8,Bpos:39.0,Bstd:0.0,StrandBias:10.0,Multiplicity:1.00
0.058	0.086	0.066	0.790
0.041	0.125	0.078	0.756
0.057	0.088	0.103	0.752
0.699	0.078	0.096	0.127
0.079	0.146	0.621	0.154
0.071	0.050	0.026	0.853
0.073	0.112	0.697	0.118
0.069	0.029	0.074	0.828
0.050	0.045	0.061	0.844
0.051	0.059	0.130	0.760
0.700	0.064	0.108	0.128
0.085	0.700	0.106	0.109
>AGAAAGGTTCTC	23-AGAAAGGTTCTC	10.409522	-60.214008	0	T:26.0(0.15%),B:2.7(0.01%),P:1e-26	Tpos:66.4,Tstd:20.9,Bpos:79.3,Bstd:5.6,StrandBias:10.0,Multiplicity:1.00
0.700	0.100	0.100	0.100
0.100	0.100	0.700	0.100
0.700	0.100	0.100	0.100
0.700	0.100	0.100	0.100
0.700	0.100	0.100	0.100
0.100	0.100	0.700	0.100
0.100	0.100	0.700	0.100
0.100	0.100	0.100	0.700
0.100	0.100	0.100	0.700
0.100	0.700	0.100	0.100
0.100	0.100	0.100	0.700
0.100	0.700	0.100	0.100
>TAAGTCGTCGGG	24-TAAGTCGTCGGG	10.687309	-58.761991	0	T:21.0(0.12%),B:1.2(0.00%),P:1e-25	Tpos:58.4,Tstd:26.4,Bpos:59.0,Bstd:0.0,StrandBias:10.0,Multiplicity:2.38
0.014	0.095	0.001	0.890
0.997	0.001	0.001	0.001
0.997	0.001	0.001	0.001
0.001	0.001	0.997	0.001
0.001	0.001	0.001	0.997
0.001	0.997	0.001	0.001
0.001	0.001	0.997	0.001
0.001	0.001	0.001	0.997
0.001	0.700	0.001	0.298
0.001	0.001	0.693	0.305
0.066	0.001	0.932	0.001
0.001	0.014	0.957	0.028
>GACGATGAMGAW	25-GACGATGAMGAW	13.208857	-31.645654	0	T:19.0(0.11%),B:3.6(0.01%),P:1e-13	Tpos:71.7,Tstd:18.5,Bpos:47.0,Bstd:22.4,StrandBias:10.0,Multiplicity:2.79
0.058	0.001	0.940	0.001
0.733	0.001	0.001	0.265
0.001	0.940	0.058	0.001
0.001	0.058	0.940	0.001
0.883	0.058	0.001	0.058
0.001	0.058	0.058	0.883
0.001	0.058	0.940	0.001
0.997	0.001	0.001	0.001
0.465	0.533	0.001	0.001
0.001	0.001	0.997	0.001
0.765	0.001	0.001	0.233
0.501	0.001	0.001	0.497
>TCAGTC	1-TCAGTC	5.261524	-1034.263916	0	T:4165.0(24.58%),B:3727.8(11.93%),P:1e-449	Tpos:53.3,Tstd:18.9,Bpos:49.9,Bstd:38.1,StrandBias:10.0,Multiplicity:1.13
0.001	0.001	0.080	0.918
0.001	0.890	0.001	0.108
0.997	0.001	0.001	0.001
0.001	0.001	0.997	0.001
0.001	0.001	0.001	0.997
0.001	0.667	0.001	0.331
>TATAAA	2-TATAAA	6.177716	-902.048186	0	T:1656.0(9.77%),B:900.1(2.88%),P:1e-391	Tpos:27.9,Tstd:17.3,Bpos:48.1,Bstd:30.8,StrandBias:10.0,Multiplicity:1.02
0.100	0.100	0.100	0.700
0.700	0.100	0.100	0.100
0.100	0.100	0.100	0.700
0.700	0.100	0.100	0.100
0.700	0.100	0.100	0.100
0.700	0.100	0.100	0.100
>CAGWCA	3-CAGWCA	4.695244	-569.343050	0	T:7804.0(46.06%),B:10489.8(33.57%),P:1e-247	Tpos:52.7,Tstd:25.3,Bpos:50.4,Bstd:35.6,StrandBias:10.0,Multiplicity:1.22
0.001	0.664	0.001	0.334
0.509	0.150	0.001	0.340
0.001	0.001	0.997	0.001
0.483	0.001	0.001	0.515
0.001	0.997	0.001	0.001
0.490	0.001	0.293	0.215
>GTCTGC	4-GTCTGC	6.177716	-470.944667	0	T:1287.0(7.60%),B:902.8(2.89%),P:1e-204	Tpos:45.4,Tstd:21.6,Bpos:51.8,Bstd:36.1,StrandBias:10.0,Multiplicity:1.03
0.100	0.100	0.700	0.100
0.100	0.100	0.100	0.700
0.100	0.700	0.100	0.100
0.100	0.100	0.100	0.700
0.100	0.100	0.700	0.100
0.100	0.700	0.100	0.100
>GCAGAC	5-GCAGAC	6.177716	-398.544174	0	T:1072.0(6.33%),B:742.9(2.38%),P:1e-173	Tpos:40.1,Tstd:21.5,Bpos:48.5,Bstd:32.2,StrandBias:10.0,Multiplicity:1.03
0.100	0.100	0.700	0.100
0.100	0.700	0.100	0.100
0.700	0.100	0.100	0.100
0.100	0.100	0.700	0.100
0.700	0.100	0.100	0.100
0.100	0.700	0.100	0.100
>GGCAAC	6-GGCAAC	6.177716	-298.848255	0	T:1052.0(6.21%),B:840.2(2.69%),P:1e-129	Tpos:36.4,Tstd:25.2,Bpos:49.2,Bstd:32.6,StrandBias:10.0,Multiplicity:1.03
0.100	0.100	0.700	0.100
0.100	0.100	0.700	0.100
0.100	0.700	0.100	0.100
0.700	0.100	0.100	0.100
0.700	0.100	0.100	0.100
0.100	0.700	0.100	0.100
>TCTGAT	7-TCTGAT	2.638104	-193.896057	0	T:3265.0(19.27%),B:4326.0(13.84%),P:1e-84	Tpos:54.2,Tstd:28.1,Bpos:50.9,Bstd:34.4,StrandBias:10.0,Multiplicity:1.09
0.001	0.001	0.001	0.997
0.001	0.997	0.001	0.001
0.001	0.001	0.001	0.997
0.001	0.001	0.997	0.001
0.873	0.004	0.001	0.122
0.001	0.134	0.001	0.864
>CAGTTG	8-CAGTTG	6.340477	-183.246283	0	T:2434.0(14.37%),B:3054.9(9.78%),P:1e-79	Tpos:53.8,Tstd:24.5,Bpos:51.5,Bstd:35.6,StrandBias:10.0,Multiplicity:1.04
0.001	0.997	0.001	0.001
0.997	0.001	0.001	0.001
0.001	0.001	0.997	0.001
0.001	0.001	0.272	0.726
0.001	0.001	0.001	0.997
0.001	0.193	0.805	0.001
>ATGGCG	9-ATGGCG	6.609923	-145.165408	0	T:1186.0(7.00%),B:1304.2(4.17%),P:1e-63	Tpos:52.2,Tstd:27.2,Bpos:51.4,Bstd:29.2,StrandBias:10.0,Multiplicity:1.05
0.997	0.001	0.001	0.001
0.001	0.001	0.001	0.997
0.001	0.001	0.997	0.001
0.001	0.001	0.997	0.001
0.001	0.997	0.001	0.001
0.001	0.001	0.814	0.184
>TGTTTA	10-TGTTTA	6.177716	-128.081458	0	T:937.0(5.53%),B:995.6(3.19%),P:1e-55	Tpos:48.1,Tstd:27.4,Bpos:50.6,Bstd:33.4,StrandBias:10.0,Multiplicity:1.05
0.100	0.100	0.100	0.700
0.100	0.100	0.700	0.100
0.100	0.100	0.100	0.700
0.100	0.100	0.100	0.700
0.100	0.100	0.100	0.700
0.700	0.100	0.100	0.100
>AGAGGG	11-AGAGGG	6.451233	-118.391352	0	T:1476.0(8.71%),B:1812.9(5.80%),P:1e-51	Tpos:44.4,Tstd:26.9,Bpos:50.3,Bstd:30.2,StrandBias:10.0,Multiplicity:1.08
0.997	0.001	0.001	0.001
0.001	0.001	0.997	0.001
0.997	0.001	0.001	0.001
0.333	0.001	0.509	0.157
0.001	0.001	0.997	0.001
0.001	0.001	0.997	0.001
>TTTGTT	12-TTTGTT	5.760740	-104.235975	0	T:3780.0(22.31%),B:5624.2(18.00%),P:1e-45	Tpos:54.5,Tstd:27.8,Bpos:50.4,Bstd:35.6,StrandBias:10.0,Multiplicity:1.20
0.063	0.001	0.001	0.935
0.001	0.080	0.185	0.734
0.114	0.247	0.001	0.638
0.001	0.001	0.997	0.001
0.001	0.001	0.001	0.997
0.001	0.001	0.001	0.997
>CGCTAG	13-CGCTAG	6.620734	-95.980048	0	T:623.0(3.68%),B:636.7(2.04%),P:1e-41	Tpos:39.6,Tstd:25.4,Bpos:49.0,Bstd:32.7,StrandBias:10.0,Multiplicity:1.02
0.001	0.997	0.001	0.001
0.001	0.001	0.997	0.001
0.001	0.997	0.001	0.001
0.001	0.001	0.186	0.812
0.997	0.001	0.001	0.001
0.001	0.001	0.997	0.001
>TCATTC	14-TCATTC	6.177716	-78.460065	0	T:880.0(5.19%),B:1051.1(3.36%),P:1e-34	Tpos:52.9,Tstd:23.6,Bpos:52.2,Bstd:33.8,StrandBias:10.0,Multiplicity:1.03
0.100	0.100	0.100	0.700
0.100	0.700	0.100	0.100
0.700	0.100	0.100	0.100
0.100	0.100	0.100	0.700
0.100	0.100	0.100	0.700
0.100	0.700	0.100	0.100
>CACGTG	15-CACGTG	6.177716	-74.261545	0	T:475.0(2.80%),B:483.2(1.55%),P:1e-32	Tpos:58.7,Tstd:25.6,Bpos:49.7,Bstd:35.8,StrandBias:10.0,Multiplicity:1.01
0.100	0.700	0.100	0.100
0.700	0.100	0.100	0.100
0.100	0.700	0.100	0.100
0.100	0.100	0.700	0.100
0.100	0.100	0.100	0.700
0.100	0.100	0.700	0.100
>TCAGTA	16-TCAGTA	6.468103	-73.712950	0	T:1488.0(8.78%),B:2009.5(6.43%),P:1e-32	Tpos:52.6,Tstd:22.5,Bpos:49.9,Bstd:36.5,StrandBias:10.0,Multiplicity:1.04
0.001	0.001	0.001	0.997
0.001	0.792	0.001	0.206
0.997	0.001	0.001	0.001
0.001	0.001	0.997	0.001
0.001	0.001	0.001	0.997
0.797	0.001	0.201	0.001
>AAAGGC	17-AAAGGC	6.181166	-72.490730	0	T:1400.0(8.26%),B:1875.7(6.00%),P:1e-31	Tpos:44.8,Tstd:26.3,Bpos:50.1,Bstd:29.1,StrandBias:10.0,Multiplicity:1.04
0.997	0.001	0.001	0.001
0.997	0.001	0.001	0.001
0.829	0.001	0.169	0.001
0.001	0.001	0.997	0.001
0.001	0.291	0.707	0.001
0.001	0.997	0.001	0.001
>CACCAC	18-CACCAC	2.398072	-69.156303	0	T:3001.0(17.71%),B:4536.8(14.52%),P:1e-30	Tpos:55.6,Tstd:28.6,Bpos:50.8,Bstd:33.8,StrandBias:10.0,Multiplicity:1.37
0.051	0.942	0.006	0.001
0.949	0.001	0.049	0.001
0.001	0.997	0.001	0.001
0.056	0.942	0.001	0.001
0.997	0.001	0.001	0.001
0.001	0.997	0.001	0.001
>GTGAGA	19-GTGAGA	4.993386	-62.662125	0	T:2508.0(14.80%),B:3748.3(12.00%),P:1e-27	Tpos:51.9,Tstd:27.5,Bpos:50.2,Bstd:33.9,StrandBias:10.0,Multiplicity:1.10
0.001	0.001	0.997	0.001
0.001	0.001	0.001	0.997
0.001	0.158	0.840	0.001
0.997	0.001	0.001	0.001
0.203	0.001	0.795	0.001
0.785	0.213	0.001	0.001
>ACGTTT	20-ACGTTT	6.708193	-55.188465	0	T:1176.0(6.94%),B:1601.9(5.13%),P:1e-23	Tpos:57.8,Tstd:27.6,Bpos:49.5,Bstd:33.9,StrandBias:10.0,Multiplicity:1.04
0.997	0.001	0.001	0.001
0.001	0.997	0.001	0.001
0.001	0.001	0.997	0.001
0.001	0.001	0.001	0.997
0.001	0.001	0.001	0.997
0.001	0.203	0.001	0.795
>CTCCGA	21-CTCCGA	8.143747	-41.576779	0	T:404.0(2.38%),B:468.0(1.50%),P:1e-18	Tpos:60.8,Tstd:22.2,Bpos:48.9,Bstd:31.1,StrandBias:10.0,Multiplicity:1.01
0.001	0.997	0.001	0.001
0.001	0.145	0.001	0.853
0.001	0.997	0.001	0.001
0.001	0.997	0.001	0.001
0.001	0.001	0.997	0.001
0.997	0.001	0.001	0.001
>CCGAGC	22-CCGAGC	6.011824	-37.365294	0	T:1042.0(6.15%),B:1480.1(4.74%),P:1e-16	Tpos:49.1,Tstd:26.2,Bpos:50.7,Bstd:32.2,StrandBias:10.0,Multiplicity:1.05
0.001	0.997	0.001	0.001
0.001	0.997	0.001	0.001
0.001	0.001	0.844	0.154
0.997	0.001	0.001	0.001
0.146	0.198	0.655	0.001
0.001	0.997	0.001	0.001
>GACTTG	23-GACTTG	6.104780	-35.500938	0	T:1571.0(9.27%),B:2368.3(7.58%),P:1e-15	Tpos:52.7,Tstd:27.2,Bpos:49.3,Bstd:33.4,StrandBias:10.0,Multiplicity:1.05
0.001	0.001	0.997	0.001
0.997	0.001	0.001	0.001
0.001	0.997	0.001	0.001
0.001	0.137	0.143	0.719
0.190	0.001	0.001	0.808
0.001	0.001	0.997	0.001
>GAAATT	24-GAAATT	6.177716	-31.608094	0	T:984.0(5.81%),B:1420.2(4.55%),P:1e-13	Tpos:52.4,Tstd:29.8,Bpos:50.6,Bstd:30.4,StrandBias:10.0,Multiplicity:1.04
0.100	0.100	0.700	0.100
0.700	0.100	0.100	0.100
0.700	0.100	0.100	0.100
0.700	0.100	0.100	0.100
0.100	0.100	0.100	0.700
0.100	0.100	0.100	0.700
>TATAAG	25-TATAAG	6.177716	-26.858068	0	T:348.0(2.05%),B:433.1(1.39%),P:1e-11	Tpos:31.2,Tstd:21.9,Bpos:50.3,Bstd:29.9,StrandBias:10.0,Multiplicity:1.01
0.100	0.100	0.100	0.700
0.700	0.100	0.100	0.100
0.100	0.100	0.100	0.700
0.700	0.100	0.100	0.100
0.700	0.100	0.100	0.100
0.100	0.100	0.700	0.100
>TCAGTCGN	1-TCAGTCGN	4.583990	-1166.420740	0	T:5927.0(34.98%),B:5999.6(19.20%),P:1e-506	Tpos:52.8,Tstd:20.1,Bpos:50.6,Bstd:36.8,StrandBias:10.0,Multiplicity:1.19
0.048	0.035	0.136	0.781
0.025	0.878	0.014	0.083
0.912	0.008	0.026	0.054
0.007	0.028	0.920	0.045
0.135	0.027	0.022	0.816
0.059	0.665	0.001	0.275
0.115	0.057	0.576	0.252
0.317	0.203	0.176	0.304
>TATAAAAG	2-TATAAAAG	7.381928	-1128.943638	0	T:1248.0(7.37%),B:424.5(1.36%),P:1e-490	Tpos:26.7,Tstd:15.2,Bpos:45.6,Bstd:30.4,StrandBias:10.0,Multiplicity:1.01
0.001	0.001	0.001	0.997
0.997	0.001	0.001	0.001
0.001	0.001	0.001	0.997
0.997	0.001	0.001	0.001
0.827	0.001	0.001	0.171
0.997	0.001	0.001	0.001
0.927	0.001	0.071	0.001
0.157	0.088	0.754	0.001
>GTATAAAA	3-GTATAAAA	8.570864	-1031.735295	0	T:860.0(5.08%),B:205.1(0.66%),P:1e-448	Tpos:24.3,Tstd:11.1,Bpos:43.7,Bstd:30.3,StrandBias:10.0,Multiplicity:1.00
0.001	0.001	0.997	0.001
0.001	0.001	0.001	0.997
0.997	0.001	0.001	0.001
0.001	0.001	0.001	0.997
0.997	0.001	0.001	0.001
0.845	0.001	0.001	0.153
0.997	0.001	0.001	0.001
0.901	0.001	0.001	0.097
>TCGTCTGC	4-TCGTCTGC	9.044369	-674.921621	0	T:667.0(3.94%),B:197.7(0.63%),P:1e-293	Tpos:42.2,Tstd:18.5,Bpos:48.9,Bstd:33.9,StrandBias:10.0,Multiplicity:1.01
0.001	0.001	0.001	0.997
0.132	0.866	0.001	0.001
0.001	0.001	0.997	0.001
0.001	0.001	0.001	0.997
0.001	0.997	0.001	0.001
0.001	0.001	0.001	0.997
0.001	0.001	0.997	0.001
0.001	0.997	0.001	0.001
>GCCTGCTA	5-GCCTGCTA	5.960655	-485.448400	0	T:541.0(3.19%),B:183.1(0.59%),P:1e-210	Tpos:50.1,Tstd:22.2,Bpos:48.0,Bstd:40.0,StrandBias:10.0,Multiplicity:1.01
0.001	0.001	0.997	0.001
0.001	0.867	0.001	0.131
0.001	0.997	0.001	0.001
0.001	0.001	0.001	0.997
0.001	0.001	0.997	0.001
0.001	0.997	0.001	0.001
0.001	0.001	0.001	0.997
0.952	0.001	0.001	0.046
>TGGCAACG	6-TGGCAACG	8.344773	-406.137971	0	T:554.0(3.27%),B:230.2(0.74%),P:1e-176	Tpos:28.2,Tstd:20.7,Bpos:47.7,Bstd:33.4,StrandBias:10.0,Multiplicity:1.01
0.001	0.001	0.001	0.997
0.001	0.001	0.997	0.001
0.001	0.001	0.997	0.001
0.001	0.997	0.001	0.001
0.997	0.001	0.001	0.001
0.997	0.001	0.001	0.001
0.001	0.905	0.001	0.093
0.209	0.087	0.703	0.001
>TAGCAGAC	7-TAGCAGAC	9.449834	-346.782205	0	T:309.0(1.82%),B:80.9(0.26%),P:1e-150	Tpos:35.7,Tstd:20.0,Bpos:44.7,Bstd:33.9,StrandBias:10.0,Multiplicity:1.00
0.001	0.001	0.001	0.997
0.997	0.001	0.001	0.001
0.001	0.001	0.997	0.001
0.001	0.997	0.001	0.001
0.997	0.001	0.001	0.001
0.001	0.001	0.997	0.001
0.997	0.001	0.001	0.001
0.198	0.800	0.001	0.001
>AGATGGCG	8-AGATGGCG	7.268134	-343.367235	0	T:685.0(4.04%),B:389.2(1.25%),P:1e-149	Tpos:42.0,Tstd:24.4,Bpos:51.2,Bstd:29.3,StrandBias:10.0,Multiplicity:1.01
0.997	0.001	0.001	0.001
0.154	0.039	0.793	0.014
0.946	0.001	0.052	0.001
0.001	0.001	0.045	0.953
0.012	0.001	0.986	0.001
0.001	0.001	0.885	0.113
0.022	0.943	0.001	0.034
0.081	0.001	0.790	0.128
>AAMATGGC	9-AAMATGGC	7.928212	-215.667144	0	T:422.0(2.49%),B:236.3(0.76%),P:1e-93	Tpos:59.9,Tstd:25.3,Bpos:48.3,Bstd:28.8,StrandBias:10.0,Multiplicity:1.00
0.997	0.001	0.001	0.001
0.810	0.021	0.022	0.147
0.360	0.425	0.028	0.187
0.961	0.001	0.001	0.037
0.001	0.001	0.032	0.966
0.001	0.080	0.901	0.018
0.029	0.058	0.912	0.001
0.087	0.891	0.001	0.021
>TCTCCGAC	10-TCTCCGAC	8.236954	-202.542841	0	T:172.0(1.02%),B:42.0(0.13%),P:1e-87	Tpos:65.9,Tstd:12.5,Bpos:47.1,Bstd:33.3,StrandBias:10.0,Multiplicity:1.00
0.100	0.100	0.100	0.700
0.100	0.700	0.100	0.100
0.100	0.100	0.100	0.700
0.100	0.700	0.100	0.100
0.100	0.700	0.100	0.100
0.100	0.100	0.700	0.100
0.700	0.100	0.100	0.100
0.100	0.700	0.100	0.100
>CTGTCAGW	11-CTGTCAGW	6.788039	-175.822517	0	T:906.0(5.35%),B:852.1(2.73%),P:1e-76	Tpos:54.9,Tstd:24.7,Bpos:50.9,Bstd:35.9,StrandBias:10.0,Multiplicity:1.04
0.001	0.612	0.331	0.056
0.078	0.138	0.129	0.655
0.001	0.001	0.997	0.001
0.042	0.001	0.001	0.956
0.001	0.947	0.001	0.051
0.997	0.001	0.001	0.001
0.288	0.001	0.549	0.162
0.574	0.001	0.001	0.424
>YTGTTTAS	12-YTGTTTAS	9.498295	-170.069389	0	T:321.0(1.89%),B:175.8(0.56%),P:1e-73	Tpos:44.5,Tstd:24.2,Bpos:50.5,Bstd:32.3,StrandBias:10.0,Multiplicity:1.02
0.001	0.526	0.001	0.472
0.001	0.001	0.001	0.997
0.001	0.001	0.997	0.001
0.001	0.001	0.001	0.997
0.001	0.001	0.001	0.997
0.001	0.001	0.001	0.997
0.997	0.001	0.001	0.001
0.001	0.439	0.421	0.139
>CAACGTTG	13-CAACGTTG	7.968609	-155.686284	0	T:304.0(1.79%),B:170.7(0.55%),P:1e-67	Tpos:37.6,Tstd:26.6,Bpos:53.7,Bstd:33.9,StrandBias:10.0,Multiplicity:1.01
0.001	0.925	0.001	0.073
0.997	0.001	0.001	0.001
0.997	0.001	0.001	0.001
0.001	0.997	0.001	0.001
0.001	0.001	0.997	0.001
0.001	0.276	0.001	0.722
0.001	0.001	0.001	0.997
0.001	0.149	0.849	0.001
>GGGTGAGA	14-GGGTGAGA	8.236954	-138.849887	0	T:107.0(0.63%),B:23.9(0.08%),P:1e-60	Tpos:16.6,Tstd:22.8,Bpos:55.2,Bstd:23.5,StrandBias:10.0,Multiplicity:1.01
0.100	0.100	0.700	0.100
0.100	0.100	0.700	0.100
0.100	0.100	0.700	0.100
0.100	0.100	0.100	0.700
0.100	0.100	0.700	0.100
0.700	0.100	0.100	0.100
0.100	0.100	0.700	0.100
0.700	0.100	0.100	0.100
>ACACGTGT	15-ACACGTGT	7.529815	-104.356520	0	T:323.0(1.91%),B:241.0(0.77%),P:1e-45	Tpos:62.0,Tstd:25.1,Bpos:53.2,Bstd:36.5,StrandBias:10.0,Multiplicity:1.01
0.880	0.026	0.059	0.035
0.019	0.914	0.066	0.001
0.997	0.001	0.001	0.001
0.001	0.900	0.098	0.001
0.001	0.021	0.940	0.038
0.001	0.001	0.015	0.983
0.001	0.001	0.924	0.074
0.022	0.138	0.152	0.688
>ACAACTGC	16-ACAACTGC	8.878776	-104.145678	0	T:245.0(1.45%),B:156.4(0.50%),P:1e-45	Tpos:68.6,Tstd:23.6,Bpos:52.7,Bstd:31.8,StrandBias:10.0,Multiplicity:1.00
0.997	0.001	0.001	0.001
0.001	0.997	0.001	0.001
0.820	0.001	0.178	0.001
0.997	0.001	0.001	0.001
0.001	0.997	0.001	0.001
0.001	0.001	0.001	0.997
0.001	0.001	0.862	0.136
0.001	0.997	0.001	0.001
>CCGCTAGA	17-CCGCTAGA	9.230471	-103.646842	0	T:136.0(0.80%),B:55.6(0.18%),P:1e-45	Tpos:33.8,Tstd:21.7,Bpos:52.8,Bstd:35.5,StrandBias:10.0,Multiplicity:1.00
0.159	0.839	0.001	0.001
0.001	0.997	0.001	0.001
0.001	0.001	0.997	0.001
0.001	0.997	0.001	0.001
0.001	0.001	0.001	0.997
0.997	0.001	0.001	0.001
0.001	0.001	0.997	0.001
0.997	0.001	0.001	0.001
>TTTTGACA	18-TTTTGACA	8.062090	-103.402412	0	T:503.0(2.97%),B:462.5(1.48%),P:1e-44	Tpos:50.6,Tstd:25.9,Bpos:47.0,Bstd:32.8,StrandBias:10.0,Multiplicity:1.02
0.283	0.055	0.134	0.528
0.001	0.001	0.102	0.896
0.001	0.001	0.001	0.997
0.001	0.001	0.001	0.997
0.001	0.001	0.997	0.001
0.997	0.001	0.001	0.001
0.001	0.997	0.001	0.001
0.997	0.001	0.001	0.001
>GCGCGAGT	19-GCGCGAGT	9.014686	-81.406233	0	T:129.0(0.76%),B:62.5(0.20%),P:1e-35	Tpos:39.0,Tstd:24.8,Bpos:43.5,Bstd:27.6,StrandBias:10.0,Multiplicity:1.00
0.001	0.001	0.997	0.001
0.163	0.835	0.001	0.001
0.001	0.001	0.997	0.001
0.001	0.997	0.001	0.001
0.001	0.001	0.845	0.153
0.997	0.001	0.001	0.001
0.001	0.001	0.997	0.001
0.001	0.001	0.001	0.997
>CAACATGA	20-CAACATGA	9.051916	-76.302614	0	T:167.0(0.99%),B:102.7(0.33%),P:1e-33	Tpos:73.9,Tstd:25.6,Bpos:49.9,Bstd:29.1,StrandBias:10.0,Multiplicity:1.00
0.001	0.997	0.001	0.001
0.997	0.001	0.001	0.001
0.997	0.001	0.001	0.001
0.001	0.997	0.001	0.001
0.997	0.001	0.001	0.001
0.001	0.001	0.001	0.997
0.001	0.001	0.997	0.001
0.865	0.001	0.133	0.001
>GACGTGTC	21-GACGTGTC	7.157299	-59.267088	0	T:163.0(0.96%),B:116.0(0.37%),P:1e-25	Tpos:64.1,Tstd:26.0,Bpos:48.7,Bstd:32.2,StrandBias:10.0,Multiplicity:1.01
0.001	0.001	0.997	0.001
0.997	0.001	0.001	0.001
0.001	0.997	0.001	0.001
0.001	0.001	0.997	0.001
0.001	0.001	0.001	0.997
0.020	0.001	0.903	0.076
0.001	0.001	0.001	0.997
0.001	0.997	0.001	0.001
>ACMACAAC	22-ACMACAAC	6.302766	-47.318402	0	T:804.0(4.75%),B:1051.1(3.36%),P:1e-20	Tpos:58.2,Tstd:28.0,Bpos:51.7,Bstd:34.4,StrandBias:10.0,Multiplicity:1.15
0.626	0.161	0.085	0.128
0.071	0.556	0.105	0.268
0.483	0.408	0.053	0.056
0.835	0.048	0.001	0.116
0.105	0.893	0.001	0.001
0.691	0.132	0.001	0.176
0.665	0.078	0.120	0.137
0.001	0.766	0.110	0.123
>TAGCGGCC	23-TAGCGGCC	8.236954	-45.494157	0	T:48.0(0.28%),B:16.6(0.05%),P:1e-19	Tpos:39.9,Tstd:17.6,Bpos:55.0,Bstd:15.5,StrandBias:10.0,Multiplicity:1.00
0.100	0.100	0.100	0.700
0.700	0.100	0.100	0.100
0.100	0.100	0.700	0.100
0.100	0.700	0.100	0.100
0.100	0.100	0.700	0.100
0.100	0.100	0.700	0.100
0.100	0.700	0.100	0.100
0.100	0.700	0.100	0.100
>GAGAAAAG	24-GAGAAAAG	8.236954	-39.509679	0	T:180.0(1.06%),B:163.7(0.52%),P:1e-17	Tpos:39.7,Tstd:18.7,Bpos:51.0,Bstd:30.5,StrandBias:10.0,Multiplicity:1.01
0.100	0.100	0.700	0.100
0.700	0.100	0.100	0.100
0.100	0.100	0.700	0.100
0.700	0.100	0.100	0.100
0.700	0.100	0.100	0.100
0.700	0.100	0.100	0.100
0.700	0.100	0.100	0.100
0.100	0.100	0.700	0.100
>CAGGCGCT	25-CAGGCGCT	8.236954	-35.574040	0	T:32.0(0.19%),B:9.7(0.03%),P:1e-15	Tpos:52.6,Tstd:20.2,Bpos:61.5,Bstd:15.7,StrandBias:10.0,Multiplicity:1.00
0.100	0.700	0.100	0.100
0.700	0.100	0.100	0.100
0.100	0.100	0.700	0.100
0.100	0.100	0.700	0.100
0.100	0.700	0.100	0.100
0.100	0.100	0.700	0.100
0.100	0.700	0.100	0.100
0.100	0.100	0.100	0.700
