>STATAAAARS	1-STATAAAARS	8.501611	-1450.229142	0	T:1116.0(6.59%),B:239.4(0.77%),P:1e-629	Tpos:24.4,Tstd:8.9,Bpos:43.3,Bstd:28.6,StrandBias:10.0,Multiplicity:1.00
0.164	0.361	0.416	0.060
0.001	0.001	0.001	0.997
0.997	0.001	0.001	0.001
0.001	0.001	0.001	0.997
0.997	0.001	0.001	0.001
0.695	0.001	0.001	0.303
0.997	0.001	0.001	0.001
0.814	0.001	0.001	0.184
0.443	0.106	0.400	0.050
0.148	0.411	0.405	0.036
>NMDTCAGTCG	2-NMDTCAGTCG	4.907784	-1052.869237	0	T:4769.0(28.15%),B:4527.2(14.49%),P:1e-457	Tpos:53.4,Tstd:18.3,Bpos:50.7,Bstd:36.2,StrandBias:10.0,Multiplicity:1.14
0.263	0.299	0.195	0.243
0.270	0.409	0.161	0.160
0.272	0.112	0.303	0.313
0.072	0.109	0.117	0.702
0.067	0.831	0.051	0.051
0.915	0.010	0.054	0.021
0.012	0.039	0.840	0.109
0.033	0.019	0.024	0.924
0.069	0.684	0.037	0.210
0.142	0.103	0.506	0.249
>TCGTCTGCTA	3-TCGTCTGCTA	7.753316	-859.990329	0	T:844.0(4.98%),B:248.3(0.79%),P:1e-373	Tpos:43.5,Tstd:18.6,Bpos:49.2,Bstd:35.0,StrandBias:10.0,Multiplicity:1.02
0.019	0.013	0.026	0.942
0.053	0.877	0.003	0.067
0.001	0.005	0.980	0.014
0.016	0.001	0.011	0.972
0.001	0.997	0.001	0.001
0.002	0.001	0.001	0.996
0.001	0.002	0.996	0.001
0.001	0.991	0.001	0.007
0.055	0.012	0.001	0.932
0.495	0.142	0.123	0.240
>TAGCAGACGA	4-TAGCAGACGA	8.473503	-697.830244	0	T:549.0(3.24%),B:120.8(0.39%),P:1e-303	Tpos:34.4,Tstd:16.0,Bpos:51.2,Bstd:33.8,StrandBias:10.0,Multiplicity:1.01
0.163	0.067	0.060	0.710
0.891	0.001	0.019	0.089
0.001	0.001	0.986	0.012
0.001	0.997	0.001	0.001
0.996	0.001	0.001	0.002
0.001	0.001	0.997	0.001
0.975	0.001	0.001	0.023
0.071	0.927	0.001	0.001
0.031	0.003	0.922	0.044
0.941	0.032	0.007	0.020
>GGCAACGCTG	5-GGCAACGCTG	6.979134	-532.269243	0	T:575.0(3.39%),B:188.2(0.60%),P:1e-231	Tpos:27.9,Tstd:17.8,Bpos:50.7,Bstd:29.1,StrandBias:10.0,Multiplicity:1.01
0.001	0.001	0.949	0.049
0.037	0.001	0.961	0.001
0.011	0.987	0.001	0.001
0.997	0.001	0.001	0.001
0.954	0.002	0.017	0.027
0.001	0.896	0.001	0.102
0.059	0.044	0.859	0.038
0.017	0.699	0.062	0.222
0.084	0.064	0.008	0.844
0.001	0.001	0.961	0.037
>CAAGATGGCG	6-CAAGATGGCG	7.358294	-433.801111	0	T:736.0(4.34%),B:370.7(1.19%),P:1e-188	Tpos:48.1,Tstd:25.3,Bpos:49.7,Bstd:29.2,StrandBias:10.0,Multiplicity:1.02
0.267	0.474	0.115	0.144
0.540	0.234	0.001	0.225
0.997	0.001	0.001	0.001
0.224	0.247	0.424	0.105
0.825	0.001	0.173	0.001
0.034	0.001	0.075	0.890
0.104	0.001	0.894	0.001
0.031	0.003	0.790	0.176
0.107	0.770	0.010	0.113
0.203	0.143	0.419	0.235
>TCYGAYACGG	7-TCYGAYACGG	9.704396	-335.310829	0	T:139.0(0.82%),B:9.4(0.03%),P:1e-145	Tpos:69.0,Tstd:10.5,Bpos:44.6,Bstd:28.6,StrandBias:10.0,Multiplicity:1.00
0.167	0.001	0.001	0.831
0.218	0.672	0.109	0.001
0.024	0.536	0.001	0.439
0.001	0.032	0.966	0.001
0.886	0.004	0.109	0.001
0.001	0.560	0.001	0.438
0.974	0.001	0.024	0.001
0.167	0.723	0.109	0.001
0.109	0.001	0.889	0.001
0.001	0.024	0.866	0.109
>GGGTGAGAAA	8-GGGTGAGAAA	10.296193	-212.089105	0	T:89.0(0.53%),B:6.6(0.02%),P:1e-92	Tpos:8.3,Tstd:2.7,Bpos:49.0,Bstd:21.5,StrandBias:10.0,Multiplicity:1.00
0.100	0.100	0.700	0.100
0.100	0.100	0.700	0.100
0.100	0.100	0.700	0.100
0.100	0.100	0.100	0.700
0.100	0.100	0.700	0.100
0.700	0.100	0.100	0.100
0.100	0.100	0.700	0.100
0.700	0.100	0.100	0.100
0.700	0.100	0.100	0.100
0.700	0.100	0.100	0.100
>ATCTGGCAAC	9-ATCTGGCAAC	9.435046	-202.180231	0	T:86.0(0.51%),B:6.5(0.02%),P:1e-87	Tpos:28.1,Tstd:21.1,Bpos:32.6,Bstd:8.2,StrandBias:10.0,Multiplicity:1.00
0.997	0.001	0.001	0.001
0.001	0.001	0.001	0.997
0.001	0.997	0.001	0.001
0.013	0.001	0.001	0.985
0.001	0.001	0.997	0.001
0.001	0.001	0.962	0.036
0.001	0.997	0.001	0.001
0.997	0.001	0.001	0.001
0.975	0.023	0.001	0.001
0.001	0.997	0.001	0.001
>CGCTAGAGGG	10-CGCTAGAGGG	8.373704	-190.330293	0	T:215.0(1.27%),B:74.4(0.24%),P:1e-82	Tpos:30.2,Tstd:20.3,Bpos:47.2,Bstd:31.3,StrandBias:10.0,Multiplicity:1.00
0.075	0.866	0.043	0.016
0.093	0.020	0.880	0.007
0.041	0.885	0.054	0.020
0.091	0.150	0.042	0.717
0.957	0.018	0.011	0.014
0.014	0.011	0.933	0.042
0.747	0.034	0.140	0.079
0.034	0.037	0.616	0.313
0.092	0.071	0.731	0.106
0.226	0.033	0.670	0.071
>TGGCAACGTC	11-TGGCAACGTC	7.832719	-179.474682	0	T:114.0(0.67%),B:18.0(0.06%),P:1e-77	Tpos:33.4,Tstd:22.4,Bpos:56.5,Bstd:13.7,StrandBias:10.0,Multiplicity:1.00
0.001	0.001	0.001	0.997
0.001	0.001	0.997	0.001
0.001	0.001	0.997	0.001
0.001	0.992	0.006	0.001
0.992	0.001	0.001	0.006
0.981	0.017	0.001	0.001
0.006	0.992	0.001	0.001
0.001	0.065	0.786	0.148
0.001	0.001	0.031	0.967
0.104	0.894	0.001	0.001
>GAGAAAAGGC	12-GAGAAAAGGC	7.731358	-178.346435	0	T:101.0(0.60%),B:13.1(0.04%),P:1e-77	Tpos:37.2,Tstd:6.3,Bpos:54.3,Bstd:32.0,StrandBias:10.0,Multiplicity:1.00
0.001	0.001	0.997	0.001
0.997	0.001	0.001	0.001
0.001	0.001	0.997	0.001
0.995	0.001	0.003	0.001
0.997	0.001	0.001	0.001
0.997	0.001	0.001	0.001
0.997	0.001	0.001	0.001
0.001	0.001	0.997	0.001
0.001	0.001	0.742	0.256
0.001	0.997	0.001	0.001
>AGTGAGCATC	13-AGTGAGCATC	7.969608	-167.733022	0	T:97.0(0.57%),B:13.2(0.04%),P:1e-72	Tpos:59.8,Tstd:9.0,Bpos:33.4,Bstd:24.1,StrandBias:10.0,Multiplicity:1.00
0.986	0.001	0.012	0.001
0.001	0.001	0.997	0.001
0.001	0.046	0.228	0.725
0.001	0.001	0.997	0.001
0.997	0.001	0.001	0.001
0.001	0.001	0.997	0.001
0.001	0.997	0.001	0.001
0.994	0.001	0.001	0.004
0.001	0.001	0.001	0.997
0.012	0.982	0.005	0.001
>ACAACTGCAG	14-ACAACTGCAG	10.323833	-162.409879	0	T:107.0(0.63%),B:18.7(0.06%),P:1e-70	Tpos:79.5,Tstd:15.9,Bpos:62.0,Bstd:26.0,StrandBias:10.0,Multiplicity:1.00
0.997	0.001	0.001	0.001
0.001	0.997	0.001	0.001
0.988	0.001	0.010	0.001
0.959	0.001	0.001	0.039
0.001	0.997	0.001	0.001
0.001	0.001	0.001	0.997
0.001	0.001	0.749	0.249
0.001	0.991	0.004	0.004
0.956	0.042	0.001	0.001
0.001	0.003	0.995	0.001
>TGCTGTTTAG	15-TGCTGTTTAG	9.106789	-138.750466	0	T:162.0(0.96%),B:58.9(0.19%),P:1e-60	Tpos:38.0,Tstd:20.1,Bpos:51.3,Bstd:30.9,StrandBias:10.0,Multiplicity:1.01
0.263	0.185	0.023	0.529
0.187	0.046	0.766	0.001
0.193	0.757	0.001	0.049
0.291	0.061	0.005	0.643
0.014	0.014	0.963	0.009
0.009	0.005	0.042	0.944
0.009	0.084	0.009	0.898
0.151	0.005	0.063	0.781
0.994	0.004	0.001	0.001
0.152	0.081	0.734	0.033
>TGAVACGAGG	16-TGAVACGAGG	11.551288	-134.662863	0	T:61.0(0.36%),B:5.4(0.02%),P:1e-58	Tpos:68.2,Tstd:16.5,Bpos:72.6,Bstd:7.6,StrandBias:10.0,Multiplicity:1.00
0.001	0.001	0.001	0.997
0.001	0.001	0.997	0.001
0.681	0.317	0.001	0.001
0.295	0.386	0.317	0.001
0.997	0.001	0.001	0.001
0.001	0.997	0.001	0.001
0.001	0.001	0.997	0.001
0.997	0.001	0.001	0.001
0.385	0.001	0.613	0.001
0.001	0.001	0.997	0.001
>AGTGTCTTCA	17-AGTGTCTTCA	11.124613	-129.259808	0	T:51.0(0.30%),B:3.6(0.01%),P:1e-56	Tpos:40.7,Tstd:23.3,Bpos:49.6,Bstd:36.9,StrandBias:10.0,Multiplicity:1.00
0.997	0.001	0.001	0.001
0.001	0.318	0.680	0.001
0.001	0.115	0.001	0.883
0.354	0.001	0.644	0.001
0.001	0.115	0.001	0.883
0.001	0.997	0.001	0.001
0.001	0.001	0.001	0.997
0.001	0.001	0.001	0.997
0.001	0.602	0.383	0.014
0.681	0.001	0.317	0.001
>GKGACGYTTC	18-GKGACGYTTC	11.319368	-105.694058	0	T:48.0(0.28%),B:5.0(0.02%),P:1e-45	Tpos:75.8,Tstd:23.9,Bpos:21.7,Bstd:5.2,StrandBias:10.0,Multiplicity:1.02
0.001	0.001	0.997	0.001
0.001	0.140	0.419	0.440
0.001	0.001	0.997	0.001
0.997	0.001	0.001	0.001
0.001	0.997	0.001	0.001
0.001	0.001	0.997	0.001
0.166	0.445	0.001	0.388
0.001	0.305	0.001	0.693
0.305	0.001	0.001	0.693
0.025	0.973	0.001	0.001
>TAACATGAAA	19-TAACATGAAA	9.379563	-102.840492	0	T:75.0(0.44%),B:16.0(0.05%),P:1e-44	Tpos:72.8,Tstd:27.5,Bpos:55.1,Bstd:22.2,StrandBias:10.0,Multiplicity:1.00
0.001	0.373	0.001	0.625
0.997	0.001	0.001	0.001
0.981	0.001	0.001	0.017
0.001	0.997	0.001	0.001
0.997	0.001	0.001	0.001
0.001	0.001	0.001	0.997
0.100	0.001	0.898	0.001
0.997	0.001	0.001	0.001
0.997	0.001	0.001	0.001
0.963	0.001	0.035	0.001
>GGCCATTTTG	20-GGCCATTTTG	10.296193	-100.932472	0	T:61.0(0.36%),B:9.7(0.03%),P:1e-43	Tpos:49.4,Tstd:15.3,Bpos:62.5,Bstd:30.5,StrandBias:10.0,Multiplicity:1.00
0.100	0.100	0.700	0.100
0.100	0.100	0.700	0.100
0.100	0.700	0.100	0.100
0.100	0.700	0.100	0.100
0.700	0.100	0.100	0.100
0.100	0.100	0.100	0.700
0.100	0.100	0.100	0.700
0.100	0.100	0.100	0.700
0.100	0.100	0.100	0.700
0.100	0.100	0.700	0.100
>GGGCGAAACA	21-GGGCGAAACA	10.535680	-97.422145	0	T:37.0(0.22%),B:2.5(0.01%),P:1e-42	Tpos:65.4,Tstd:30.7,Bpos:55.6,Bstd:9.8,StrandBias:10.0,Multiplicity:1.00
0.001	0.001	0.997	0.001
0.033	0.001	0.837	0.129
0.001	0.001	0.997	0.001
0.001	0.997	0.001	0.001
0.001	0.001	0.997	0.001
0.758	0.240	0.001	0.001
0.997	0.001	0.001	0.001
0.758	0.001	0.001	0.240
0.001	0.997	0.001	0.001
0.758	0.001	0.001	0.240
>CGTAGCAGAA	22-CGTAGCAGAA	11.429352	-86.881674	0	T:53.0(0.31%),B:8.7(0.03%),P:1e-37	Tpos:67.0,Tstd:13.9,Bpos:60.2,Bstd:17.6,StrandBias:10.0,Multiplicity:1.00
0.001	0.997	0.001	0.001
0.001	0.001	0.997	0.001
0.001	0.276	0.001	0.722
0.997	0.001	0.001	0.001
0.001	0.001	0.997	0.001
0.001	0.997	0.001	0.001
0.758	0.001	0.001	0.240
0.001	0.001	0.997	0.001
0.997	0.001	0.001	0.001
0.517	0.241	0.241	0.001
>GGTGATCAAA	23-GGTGATCAAA	9.315961	-73.297706	0	T:30.0(0.18%),B:2.6(0.01%),P:1e-31	Tpos:17.4,Tstd:25.7,Bpos:38.3,Bstd:17.3,StrandBias:10.0,Multiplicity:1.00
0.001	0.001	0.997	0.001
0.001	0.001	0.997	0.001
0.011	0.001	0.001	0.987
0.001	0.001	0.997	0.001
0.997	0.001	0.001	0.001
0.001	0.001	0.001	0.997
0.001	0.997	0.001	0.001
0.987	0.001	0.001	0.011
0.997	0.001	0.001	0.001
0.997	0.001	0.001	0.001
>TGTGCACCAG	24-TGTGCACCAG	11.241514	-67.742075	0	T:38.0(0.22%),B:5.7(0.02%),P:1e-29	Tpos:24.3,Tstd:20.5,Bpos:43.8,Bstd:24.3,StrandBias:10.0,Multiplicity:1.00
0.001	0.001	0.001	0.997
0.001	0.001	0.997	0.001
0.001	0.001	0.001	0.997
0.001	0.193	0.805	0.001
0.001	0.997	0.001	0.001
0.827	0.001	0.170	0.002
0.001	0.997	0.001	0.001
0.001	0.997	0.001	0.001
0.681	0.001	0.001	0.317
0.001	0.001	0.681	0.317
>CGATGACGAT	25-CGATGACGAT	10.296193	-27.702555	0	T:15.0(0.09%),B:2.2(0.01%),P:1e-12	Tpos:72.2,Tstd:14.7,Bpos:58.4,Bstd:10.1,StrandBias:10.0,Multiplicity:2.53
0.100	0.700	0.100	0.100
0.100	0.100	0.700	0.100
0.700	0.100	0.100	0.100
0.100	0.100	0.100	0.700
0.100	0.100	0.700	0.100
0.700	0.100	0.100	0.100
0.100	0.700	0.100	0.100
0.100	0.100	0.700	0.100
0.700	0.100	0.100	0.100
0.100	0.100	0.100	0.700
