>GTATAAAARSVS	1-GTATAAAARSVS	7.831391	-1529.325628	0	T:1161.0(6.85%),B:244.9(0.78%),P:1e-664	Tpos:25.2,Tstd:8.4,Bpos:45.8,Bstd:30.4,StrandBias:10.0,Multiplicity:1.00
0.115	0.165	0.705	0.015
0.001	0.001	0.001	0.997
0.997	0.001	0.001	0.001
0.001	0.001	0.001	0.997
0.997	0.001	0.001	0.001
0.689	0.001	0.001	0.309
0.997	0.001	0.001	0.001
0.898	0.001	0.001	0.100
0.478	0.018	0.463	0.041
0.146	0.358	0.438	0.058
0.294	0.295	0.321	0.090
0.214	0.319	0.396	0.071
>TGTCGTCTGCTD	2-TGTCGTCTGCTD	9.219487	-1009.020767	0	T:763.0(4.50%),B:158.0(0.51%),P:1e-438	Tpos:42.7,Tstd:18.3,Bpos:49.0,Bstd:30.4,StrandBias:10.0,Multiplicity:1.02
0.269	0.157	0.105	0.469
0.242	0.001	0.503	0.254
0.105	0.226	0.112	0.557
0.174	0.642	0.001	0.183
0.001	0.001	0.912	0.086
0.077	0.001	0.001	0.921
0.001	0.997	0.001	0.001
0.001	0.001	0.001	0.997
0.001	0.001	0.997	0.001
0.001	0.997	0.001	0.001
0.204	0.073	0.057	0.666
0.248	0.168	0.221	0.362
>NNNNDTCAGTYK	3-NNNNDTCAGTYK	5.491508	-989.422920	0	T:4308.0(25.43%),B:3992.5(12.78%),P:1e-429	Tpos:52.8,Tstd:17.7,Bpos:50.6,Bstd:35.9,StrandBias:10.0,Multiplicity:1.11
0.298	0.210	0.261	0.231
0.276	0.238	0.265	0.222
0.313	0.242	0.185	0.260
0.252	0.330	0.199	0.219
0.309	0.141	0.272	0.278
0.152	0.139	0.184	0.525
0.028	0.907	0.001	0.064
0.874	0.006	0.041	0.079
0.001	0.058	0.762	0.179
0.001	0.001	0.001	0.997
0.029	0.556	0.005	0.410
0.188	0.133	0.405	0.274
>TGGCAACGYTGH	4-TGGCAACGYTGH	8.344645	-735.894280	0	T:623.0(3.68%),B:151.7(0.49%),P:1e-319	Tpos:27.4,Tstd:16.7,Bpos:47.6,Bstd:28.9,StrandBias:10.0,Multiplicity:1.01
0.044	0.145	0.014	0.797
0.004	0.011	0.876	0.109
0.126	0.001	0.851	0.022
0.007	0.991	0.001	0.001
0.997	0.001	0.001	0.001
0.796	0.015	0.065	0.124
0.018	0.754	0.001	0.227
0.209	0.087	0.605	0.099
0.056	0.469	0.094	0.382
0.188	0.288	0.019	0.505
0.130	0.055	0.643	0.172
0.232	0.321	0.131	0.316
>TAGCAGACGAHW	5-TAGCAGACGAHW	8.966132	-732.415849	0	T:591.0(3.49%),B:134.9(0.43%),P:1e-318	Tpos:34.9,Tstd:15.3,Bpos:46.4,Bstd:32.0,StrandBias:10.0,Multiplicity:1.01
0.208	0.151	0.058	0.583
0.696	0.008	0.048	0.248
0.008	0.017	0.950	0.025
0.001	0.990	0.001	0.008
0.990	0.001	0.008	0.001
0.001	0.008	0.974	0.017
0.918	0.030	0.001	0.051
0.087	0.895	0.001	0.017
0.051	0.008	0.842	0.099
0.743	0.172	0.051	0.034
0.295	0.393	0.056	0.256
0.351	0.145	0.127	0.377
>CYAGATGGCGCT	6-CYAGATGGCGCT	7.948420	-405.883195	0	T:428.0(2.53%),B:136.2(0.44%),P:1e-176	Tpos:31.6,Tstd:16.5,Bpos:51.0,Bstd:29.5,StrandBias:10.0,Multiplicity:1.00
0.216	0.691	0.056	0.037
0.087	0.401	0.006	0.506
0.981	0.006	0.012	0.001
0.025	0.006	0.968	0.001
0.882	0.006	0.111	0.001
0.025	0.025	0.019	0.931
0.133	0.001	0.860	0.006
0.062	0.001	0.736	0.201
0.050	0.913	0.012	0.025
0.120	0.025	0.727	0.128
0.060	0.620	0.079	0.241
0.081	0.173	0.276	0.470
>GGGTGAGAAAAA	7-GGGTGAGAAAAA	9.642685	-398.197092	0	T:109.0(0.64%),B:2.8(0.01%),P:1e-172	Tpos:10.3,Tstd:4.5,Bpos:58.5,Bstd:17.4,StrandBias:10.0,Multiplicity:1.00
0.001	0.001	0.997	0.001
0.041	0.001	0.957	0.001
0.001	0.001	0.997	0.001
0.001	0.001	0.001	0.997
0.001	0.044	0.934	0.021
0.997	0.001	0.001	0.001
0.001	0.001	0.986	0.012
0.997	0.001	0.001	0.001
0.997	0.001	0.001	0.001
0.997	0.001	0.001	0.001
0.997	0.001	0.001	0.001
0.997	0.001	0.001	0.001
>TGAGYATCACCG	8-TGAGYATCACCG	11.907012	-347.443094	0	T:115.0(0.68%),B:4.9(0.02%),P:1e-150	Tpos:64.3,Tstd:5.0,Bpos:45.8,Bstd:22.3,StrandBias:10.0,Multiplicity:1.00
0.001	0.273	0.001	0.725
0.001	0.001	0.997	0.001
0.758	0.001	0.240	0.001
0.001	0.001	0.997	0.001
0.001	0.483	0.001	0.515
0.517	0.001	0.241	0.241
0.001	0.002	0.241	0.756
0.001	0.997	0.001	0.001
0.724	0.001	0.001	0.274
0.001	0.997	0.001	0.001
0.001	0.997	0.001	0.001
0.001	0.001	0.997	0.001
>ACACGGCAACAA	9-ACACGGCAACAA	10.361633	-316.591468	0	T:91.0(0.54%),B:2.4(0.01%),P:1e-137	Tpos:76.0,Tstd:4.9,Bpos:67.8,Bstd:10.0,StrandBias:10.0,Multiplicity:1.00
0.997	0.001	0.001	0.001
0.001	0.992	0.001	0.006
0.996	0.001	0.001	0.002
0.001	0.997	0.001	0.001
0.018	0.001	0.980	0.001
0.001	0.001	0.997	0.001
0.001	0.996	0.002	0.001
0.997	0.001	0.001	0.001
0.997	0.001	0.001	0.001
0.001	0.996	0.002	0.001
0.997	0.001	0.001	0.001
0.995	0.002	0.001	0.002
>AGAGAAAAGGCG	10-AGAGAAAAGGCG	12.358033	-245.431531	0	T:94.0(0.55%),B:5.7(0.02%),P:1e-106	Tpos:36.5,Tstd:7.0,Bpos:47.5,Bstd:44.6,StrandBias:10.0,Multiplicity:1.00
0.929	0.001	0.028	0.042
0.078	0.070	0.838	0.014
0.929	0.001	0.056	0.014
0.028	0.056	0.866	0.050
0.971	0.001	0.014	0.014
0.916	0.014	0.042	0.028
0.888	0.014	0.070	0.028
0.804	0.056	0.042	0.098
0.084	0.014	0.795	0.107
0.070	0.042	0.670	0.218
0.098	0.818	0.056	0.028
0.112	0.172	0.595	0.121
>CTGTTTAGTCTC	11-CTGTTTAGTCTC	10.821551	-244.370658	0	T:82.0(0.48%),B:3.5(0.01%),P:1e-106	Tpos:35.6,Tstd:18.8,Bpos:55.0,Bstd:13.1,StrandBias:10.0,Multiplicity:1.00
0.009	0.863	0.035	0.093
0.018	0.027	0.009	0.946
0.035	0.070	0.833	0.062
0.026	0.050	0.018	0.906
0.018	0.053	0.009	0.920
0.018	0.009	0.094	0.879
0.833	0.018	0.044	0.105
0.026	0.067	0.889	0.018
0.018	0.087	0.018	0.877
0.073	0.678	0.085	0.164
0.045	0.144	0.053	0.758
0.079	0.629	0.053	0.239
>TCCAAGACGCAG	12-TCCAAGACGCAG	11.371221	-230.154614	0	T:71.0(0.42%),B:2.6(0.01%),P:1e-99	Tpos:71.3,Tstd:18.6,Bpos:47.5,Bstd:14.2,StrandBias:10.0,Multiplicity:1.00
0.001	0.001	0.001	0.997
0.001	0.997	0.001	0.001
0.001	0.997	0.001	0.001
0.750	0.028	0.034	0.188
0.805	0.001	0.001	0.193
0.001	0.313	0.685	0.001
0.997	0.001	0.001	0.001
0.001	0.627	0.001	0.371
0.001	0.001	0.997	0.001
0.339	0.659	0.001	0.001
0.997	0.001	0.001	0.001
0.001	0.001	0.997	0.001
>CTGCAGCGCACT	13-CTGCAGCGCACT	12.104368	-197.078231	0	T:63.0(0.37%),B:2.7(0.01%),P:1e-85	Tpos:84.7,Tstd:14.5,Bpos:47.3,Bstd:9.1,StrandBias:10.0,Multiplicity:1.00
0.001	0.889	0.001	0.109
0.001	0.001	0.109	0.889
0.001	0.001	0.759	0.239
0.001	0.997	0.001	0.001
0.997	0.001	0.001	0.001
0.001	0.218	0.780	0.001
0.109	0.646	0.001	0.244
0.001	0.001	0.671	0.327
0.001	0.997	0.001	0.001
0.968	0.001	0.001	0.030
0.329	0.669	0.001	0.001
0.001	0.001	0.001	0.997
>ATYGTGACGTTT	14-ATYGTGACGTTT	11.302231	-176.911880	0	T:58.0(0.34%),B:2.3(0.01%),P:1e-76	Tpos:72.2,Tstd:25.5,Bpos:41.3,Bstd:15.9,StrandBias:10.0,Multiplicity:1.00
0.611	0.002	0.334	0.053
0.053	0.148	0.155	0.644
0.026	0.439	0.001	0.534
0.026	0.148	0.773	0.053
0.052	0.185	0.001	0.762
0.001	0.037	0.961	0.001
0.947	0.026	0.026	0.001
0.185	0.674	0.055	0.086
0.001	0.001	0.997	0.001
0.137	0.001	0.001	0.861
0.001	0.026	0.140	0.833
0.001	0.271	0.052	0.676
>CRGCCATTTTGT	15-CRGCCATTTTGT	13.174464	-161.132352	0	T:60.0(0.35%),B:3.9(0.01%),P:1e-69	Tpos:47.7,Tstd:13.9,Bpos:78.3,Bstd:16.0,StrandBias:10.0,Multiplicity:1.00
0.001	0.918	0.001	0.080
0.428	0.001	0.491	0.080
0.001	0.001	0.995	0.003
0.001	0.976	0.001	0.022
0.001	0.995	0.003	0.001
0.997	0.001	0.001	0.001
0.001	0.001	0.001	0.997
0.373	0.001	0.002	0.624
0.001	0.003	0.080	0.916
0.001	0.001	0.001	0.997
0.080	0.210	0.709	0.001
0.392	0.001	0.001	0.606
>GTCTTCAGGGAC	16-GTCTTCAGGGAC	9.981395	-157.253053	0	T:45.0(0.27%),B:0.8(0.00%),P:1e-68	Tpos:33.3,Tstd:15.8,Bpos:14.0,Bstd:0.0,StrandBias:10.0,Multiplicity:1.00
0.044	0.001	0.954	0.001
0.001	0.001	0.001	0.997
0.001	0.804	0.001	0.194
0.001	0.001	0.001	0.997
0.194	0.001	0.001	0.804
0.001	0.997	0.001	0.001
0.997	0.001	0.001	0.001
0.001	0.001	0.997	0.001
0.194	0.001	0.804	0.001
0.001	0.001	0.997	0.001
0.804	0.001	0.194	0.001
0.001	0.971	0.001	0.027
>TTTAAAATGGCG	17-TTTAAAATGGCG	12.107819	-126.794185	0	T:38.0(0.22%),B:1.8(0.01%),P:1e-55	Tpos:55.3,Tstd:18.9,Bpos:72.6,Bstd:0.3,StrandBias:10.0,Multiplicity:1.00
0.022	0.022	0.022	0.934
0.022	0.022	0.022	0.934
0.056	0.100	0.151	0.693
0.957	0.021	0.021	0.001
0.977	0.021	0.001	0.001
0.997	0.001	0.001	0.001
0.997	0.001	0.001	0.001
0.055	0.001	0.001	0.943
0.001	0.001	0.997	0.001
0.001	0.021	0.977	0.001
0.001	0.997	0.001	0.001
0.001	0.001	0.977	0.021
>GTGAAACGAGGC	18-GTGAAACGAGGC	11.420802	-102.593502	0	T:47.0(0.28%),B:4.1(0.01%),P:1e-44	Tpos:69.8,Tstd:11.1,Bpos:74.3,Bstd:7.2,StrandBias:10.0,Multiplicity:1.00
0.007	0.001	0.985	0.007
0.001	0.001	0.001	0.997
0.001	0.006	0.992	0.001
0.997	0.001	0.001	0.001
0.997	0.001	0.001	0.001
0.992	0.001	0.001	0.006
0.001	0.997	0.001	0.001
0.007	0.001	0.985	0.007
0.997	0.001	0.001	0.001
0.001	0.001	0.997	0.001
0.001	0.001	0.979	0.019
0.007	0.979	0.007	0.007
>GGGTGGTCAAAA	19-GGGTGGTCAAAA	11.877034	-83.459091	0	T:33.0(0.19%),B:2.8(0.01%),P:1e-36	Tpos:17.3,Tstd:22.9,Bpos:33.8,Bstd:8.9,StrandBias:10.0,Multiplicity:1.00
0.001	0.001	0.847	0.151
0.076	0.001	0.771	0.152
0.001	0.075	0.923	0.001
0.001	0.001	0.075	0.923
0.001	0.229	0.617	0.153
0.084	0.001	0.762	0.153
0.379	0.001	0.001	0.619
0.001	0.847	0.151	0.001
0.997	0.001	0.001	0.001
0.997	0.001	0.001	0.001
0.847	0.076	0.076	0.001
0.997	0.001	0.001	0.001
>TGAAGCCAACAC	20-TGAAGCCAACAC	10.769431	-83.459091	0	T:33.0(0.19%),B:2.8(0.01%),P:1e-36	Tpos:65.7,Tstd:13.9,Bpos:39.3,Bstd:15.5,StrandBias:10.0,Multiplicity:1.00
0.079	0.063	0.029	0.829
0.047	0.079	0.801	0.073
0.904	0.048	0.016	0.032
0.889	0.016	0.063	0.032
0.136	0.057	0.775	0.032
0.001	0.873	0.016	0.110
0.063	0.874	0.047	0.016
0.779	0.032	0.173	0.016
0.937	0.031	0.031	0.001
0.048	0.826	0.063	0.063
0.863	0.032	0.016	0.089
0.095	0.667	0.175	0.063
>CAGACGTCGTCT	21-CAGACGTCGTCT	9.356878	-79.114462	0	T:64.0(0.38%),B:15.8(0.05%),P:1e-34	Tpos:58.5,Tstd:24.6,Bpos:34.9,Bstd:22.1,StrandBias:10.0,Multiplicity:1.00
0.071	0.720	0.121	0.088
0.583	0.122	0.097	0.198
0.082	0.046	0.724	0.148
0.547	0.151	0.059	0.243
0.072	0.723	0.079	0.126
0.217	0.018	0.655	0.110
0.071	0.123	0.001	0.805
0.027	0.779	0.051	0.143
0.067	0.030	0.809	0.094
0.126	0.071	0.190	0.613
0.045	0.716	0.098	0.141
0.134	0.145	0.076	0.645
>TTTAGTGTTTAC	22-TTTAGTGTTTAC	10.041022	-70.603435	0	T:33.0(0.19%),B:4.0(0.01%),P:1e-30	Tpos:53.4,Tstd:28.8,Bpos:39.0,Bstd:0.0,StrandBias:10.0,Multiplicity:1.00
0.058	0.086	0.066	0.790
0.041	0.125	0.078	0.756
0.057	0.088	0.103	0.752
0.699	0.078	0.096	0.127
0.079	0.146	0.621	0.154
0.071	0.050	0.026	0.853
0.073	0.112	0.697	0.118
0.069	0.029	0.074	0.828
0.050	0.045	0.061	0.844
0.051	0.059	0.130	0.760
0.700	0.064	0.108	0.128
0.085	0.700	0.106	0.109
>AGAAAGGTTCTC	23-AGAAAGGTTCTC	10.409522	-60.214008	0	T:26.0(0.15%),B:2.7(0.01%),P:1e-26	Tpos:66.4,Tstd:20.9,Bpos:79.3,Bstd:5.6,StrandBias:10.0,Multiplicity:1.00
0.700	0.100	0.100	0.100
0.100	0.100	0.700	0.100
0.700	0.100	0.100	0.100
0.700	0.100	0.100	0.100
0.700	0.100	0.100	0.100
0.100	0.100	0.700	0.100
0.100	0.100	0.700	0.100
0.100	0.100	0.100	0.700
0.100	0.100	0.100	0.700
0.100	0.700	0.100	0.100
0.100	0.100	0.100	0.700
0.100	0.700	0.100	0.100
>TAAGTCGTCGGG	24-TAAGTCGTCGGG	10.687309	-58.761991	0	T:21.0(0.12%),B:1.2(0.00%),P:1e-25	Tpos:58.4,Tstd:26.4,Bpos:59.0,Bstd:0.0,StrandBias:10.0,Multiplicity:2.38
0.014	0.095	0.001	0.890
0.997	0.001	0.001	0.001
0.997	0.001	0.001	0.001
0.001	0.001	0.997	0.001
0.001	0.001	0.001	0.997
0.001	0.997	0.001	0.001
0.001	0.001	0.997	0.001
0.001	0.001	0.001	0.997
0.001	0.700	0.001	0.298
0.001	0.001	0.693	0.305
0.066	0.001	0.932	0.001
0.001	0.014	0.957	0.028
>GACGATGAMGAW	25-GACGATGAMGAW	13.208857	-31.645654	0	T:19.0(0.11%),B:3.6(0.01%),P:1e-13	Tpos:71.7,Tstd:18.5,Bpos:47.0,Bstd:22.4,StrandBias:10.0,Multiplicity:2.79
0.058	0.001	0.940	0.001
0.733	0.001	0.001	0.265
0.001	0.940	0.058	0.001
0.001	0.058	0.940	0.001
0.883	0.058	0.001	0.058
0.001	0.058	0.058	0.883
0.001	0.058	0.940	0.001
0.997	0.001	0.001	0.001
0.465	0.533	0.001	0.001
0.001	0.001	0.997	0.001
0.765	0.001	0.001	0.233
0.501	0.001	0.001	0.497
