>ACTTTACTTGCC	82-ACTTTACTTGCC,BestGuess:SD0002.1_at_AC_acceptor/Jaspar(0.705)	10.608114	-51.356281	0	T:23.0(0.14%),B:3.0(0.01%),P:1e-22
0.817	0.017	0.114	0.052
0.069	0.775	0.035	0.121
0.001	0.052	0.086	0.861
0.001	0.052	0.052	0.895
0.035	0.052	0.088	0.825
0.757	0.052	0.087	0.104
0.017	0.809	0.122	0.052
0.017	0.035	0.017	0.931
0.035	0.036	0.018	0.911
0.035	0.035	0.866	0.064
0.053	0.693	0.132	0.122
0.017	0.878	0.035	0.070
