>KCAGTCTTCRTT	18-KCAGTCTTCRTT	10.408662	-148.074318	0	T:75.0(0.44%),B:8.0(0.02%),P:1e-64
0.114	0.140	0.319	0.428
0.050	0.734	0.001	0.215
0.923	0.001	0.075	0.001
0.001	0.138	0.746	0.115
0.049	0.001	0.001	0.949
0.001	0.631	0.001	0.367
0.001	0.001	0.024	0.974
0.001	0.229	0.001	0.769
0.001	0.761	0.237	0.001
0.419	0.001	0.377	0.204
0.255	0.077	0.241	0.427
0.001	0.157	0.001	0.841
