>GTAGGAAGCTCC	87-GTAGGAAGCTCC	10.590232	-46.397987	0	T:27.0(0.16%),B:5.0(0.02%),P:1e-20
0.001	0.001	0.922	0.076
0.037	0.037	0.037	0.889
0.737	0.075	0.001	0.187
0.037	0.174	0.788	0.001
0.075	0.075	0.813	0.037
0.847	0.039	0.037	0.077
0.960	0.037	0.002	0.001
0.187	0.037	0.739	0.037
0.030	0.819	0.037	0.114
0.134	0.075	0.001	0.790
0.001	0.887	0.037	0.075
0.037	0.851	0.037	0.075
