>TGACAGCTGGCA	84-TGACAGCTGGCA	11.392568	-48.273038	0	T:22.0(0.13%),B:2.5(0.01%),P:1e-20
0.064	0.038	0.001	0.897
0.001	0.025	0.923	0.051
0.911	0.013	0.038	0.038
0.084	0.890	0.013	0.013
0.883	0.013	0.026	0.078
0.038	0.001	0.877	0.084
0.090	0.774	0.026	0.110
0.038	0.060	0.127	0.775
0.014	0.140	0.795	0.051
0.198	0.039	0.725	0.038
0.115	0.770	0.051	0.064
0.794	0.077	0.026	0.103
