>TGACAGTGCAAC	40-TGACAGTGCAAC	8.148892	-87.751965	0	T:34.0(0.20%),B:2.8(0.01%),P:1e-38
0.090	0.112	0.244	0.554
0.131	0.118	0.663	0.088
0.613	0.164	0.014	0.209
0.227	0.444	0.100	0.229
0.576	0.085	0.136	0.203
0.091	0.199	0.606	0.104
0.190	0.066	0.159	0.585
0.108	0.166	0.463	0.263
0.203	0.518	0.168	0.111
0.552	0.178	0.196	0.074
0.732	0.065	0.184	0.019
0.150	0.565	0.126	0.159
