>GTAAACACGTGC	85-GTAAACACGTGC	8.817236	-48.273038	0	T:22.0(0.13%),B:2.9(0.01%),P:1e-20
0.143	0.089	0.649	0.119
0.142	0.106	0.111	0.641
0.682	0.113	0.113	0.092
0.728	0.089	0.094	0.089
0.750	0.091	0.070	0.089
0.140	0.663	0.109	0.088
0.741	0.075	0.074	0.110
0.157	0.612	0.106	0.125
0.130	0.117	0.599	0.154
0.126	0.090	0.098	0.686
0.126	0.107	0.640	0.127
0.142	0.605	0.116	0.137
