>TCCCCCATATCC	65-GGATATGGGGGA	11.096981	-57.648419	0	T:25.0(0.15%),B:2.4(0.01%),P:1e-25
0.035	0.032	0.001	0.932
0.001	0.900	0.032	0.067
0.032	0.935	0.001	0.032
0.173	0.674	0.152	0.001
0.098	0.706	0.163	0.033
0.001	0.934	0.001	0.064
0.836	0.162	0.001	0.001
0.100	0.067	0.001	0.832
0.869	0.065	0.001	0.065
0.033	0.098	0.065	0.804
0.065	0.804	0.098	0.033
0.001	0.815	0.035	0.149
