>AGGTCTCGACTC	88-GAGTCGAGACCT	8.444789	-45.256444	0	T:24.0(0.14%),B:3.7(0.01%),P:1e-19
0.653	0.116	0.106	0.125
0.094	0.116	0.697	0.093
0.120	0.117	0.637	0.126
0.132	0.104	0.111	0.653
0.130	0.635	0.122	0.113
0.112	0.105	0.105	0.678
0.105	0.651	0.119	0.125
0.109	0.112	0.672	0.107
0.676	0.103	0.118	0.103
0.108	0.673	0.120	0.099
0.134	0.078	0.109	0.679
0.114	0.648	0.120	0.118
