>NNGGAGCCCANS	76-NNGGAGCCCANS	7.754546	-51.966844	0	T:19.0(0.11%),B:1.0(0.00%),P:1e-22
0.321	0.209	0.246	0.224
0.229	0.286	0.224	0.261
0.101	0.098	0.704	0.097
0.119	0.129	0.610	0.142
0.618	0.103	0.102	0.177
0.156	0.140	0.566	0.138
0.123	0.623	0.120	0.134
0.125	0.565	0.164	0.146
0.036	0.777	0.071	0.116
0.532	0.114	0.198	0.156
0.223	0.276	0.234	0.267
0.190	0.378	0.229	0.203
