>CGTTMAAGGDTT	35-CGTTMAAGGDTT,BestGuess:Ct/dmmpmm(Noyes_hd)/fly(0.670)	10.545803	-98.398265	0	T:31.0(0.18%),B:1.8(0.01%),P:1e-42
0.067	0.790	0.001	0.142
0.122	0.106	0.712	0.060
0.058	0.109	0.050	0.783
0.017	0.076	0.067	0.840
0.368	0.480	0.135	0.017
0.844	0.063	0.092	0.001
0.892	0.041	0.001	0.066
0.109	0.125	0.660	0.106
0.235	0.106	0.558	0.101
0.227	0.134	0.333	0.306
0.050	0.051	0.042	0.857
0.033	0.001	0.075	0.891
