>TCWAGTGTCAGA	47-TCWAGTGTCAGA	9.989471	-84.278285	0	T:33.0(0.19%),B:2.8(0.01%),P:1e-36
0.041	0.074	0.076	0.809
0.084	0.648	0.126	0.142
0.327	0.103	0.097	0.473
0.741	0.101	0.055	0.103
0.044	0.188	0.550	0.218
0.001	0.183	0.015	0.801
0.031	0.088	0.765	0.116
0.172	0.037	0.141	0.650
0.001	0.768	0.158	0.073
0.860	0.025	0.053	0.062
0.162	0.047	0.672	0.119
0.594	0.215	0.023	0.168
