>GRCGCTAYAGSG	62-CSCTRTAGCGYC	10.463515	-64.097286	0	T:27.0(0.16%),B:2.3(0.01%),P:1e-27
0.098	0.015	0.886	0.001
0.428	0.016	0.482	0.074
0.015	0.564	0.406	0.015
0.339	0.015	0.631	0.015
0.001	0.938	0.016	0.045
0.001	0.075	0.128	0.796
0.954	0.001	0.016	0.029
0.225	0.431	0.016	0.328
0.537	0.265	0.001	0.197
0.016	0.361	0.607	0.016
0.016	0.487	0.437	0.060
0.030	0.030	0.865	0.075
