>TGATAAGTTGGA	94-TCCAACTTATCA	9.731786	-34.633553	0	T:20.0(0.12%),B:3.5(0.01%),P:1e-15
0.077	0.066	0.075	0.782
0.079	0.067	0.740	0.114
0.755	0.044	0.093	0.108
0.114	0.104	0.125	0.657
0.753	0.073	0.099	0.075
0.819	0.045	0.075	0.061
0.094	0.095	0.693	0.118
0.070	0.064	0.058	0.808
0.087	0.060	0.064	0.789
0.098	0.071	0.710	0.121
0.081	0.072	0.766	0.081
0.728	0.077	0.063	0.132
