>AGTAGGCCATGC	45-GCATGGCCTACT	10.338171	-84.451108	0	T:64.0(0.38%),B:14.5(0.05%),P:1e-36
0.926	0.044	0.015	0.015
0.015	0.015	0.941	0.029
0.029	0.029	0.044	0.898
0.853	0.044	0.059	0.044
0.116	0.001	0.869	0.014
0.015	0.032	0.636	0.317
0.001	0.911	0.059	0.029
0.015	0.795	0.015	0.175
0.911	0.015	0.015	0.059
0.015	0.015	0.029	0.941
0.015	0.044	0.810	0.131
0.156	0.526	0.274	0.044
