>CCAGGTAGCGCG	30-CCAGGTAGCGCG,BestGuess:Tag/dmmpmm(Papatsenko)/fly(0.757)	10.066270	-102.503975	0	T:32.0(0.19%),B:1.6(0.01%),P:1e-44
0.122	0.657	0.112	0.109
0.118	0.700	0.086	0.096
0.725	0.088	0.085	0.102
0.140	0.096	0.654	0.110
0.118	0.129	0.631	0.122
0.105	0.132	0.104	0.659
0.651	0.093	0.153	0.103
0.101	0.093	0.698	0.108
0.126	0.669	0.110	0.095
0.128	0.095	0.676	0.101
0.137	0.638	0.120	0.105
0.117	0.118	0.645	0.120
