>CAGTCTTGGTCC	79-CAGTCTTGGTCC	10.824319	-51.356281	0	T:23.0(0.14%),B:2.6(0.01%),P:1e-22
0.051	0.873	0.025	0.051
0.924	0.050	0.025	0.001
0.002	0.075	0.847	0.076
0.025	0.001	0.050	0.924
0.001	0.873	0.076	0.050
0.002	0.100	0.025	0.873
0.025	0.100	0.025	0.850
0.050	0.126	0.723	0.101
0.025	0.125	0.750	0.100
0.001	0.101	0.076	0.822
0.050	0.824	0.100	0.026
0.174	0.749	0.026	0.051
