>AAAGACGGAGCT	99-AAAGACGGAGCT,BestGuess:Unknown4/Arabidopsis-Promoters/Homer(0.700)	8.826838	-29.624006	0	T:22.0(0.13%),B:5.2(0.02%),P:1e-12
0.698	0.102	0.125	0.075
0.705	0.103	0.107	0.085
0.715	0.094	0.090	0.101
0.139	0.088	0.689	0.084
0.696	0.088	0.107	0.109
0.143	0.623	0.112	0.122
0.130	0.106	0.641	0.123
0.161	0.108	0.636	0.095
0.683	0.116	0.099	0.102
0.151	0.080	0.663	0.106
0.145	0.608	0.119	0.128
0.127	0.114	0.113	0.646
