>WRGGGCAGTADW	93-WRGGGCAGTADW,BestGuess:PRDM14(Zf)/H1-PRDM14-ChIP-Seq(GSE22767)/Homer(0.670)	7.934827	-36.404753	0	T:18.0(0.11%),B:2.7(0.01%),P:1e-15
0.258	0.179	0.204	0.359
0.279	0.091	0.415	0.215
0.107	0.050	0.721	0.122
0.080	0.199	0.639	0.082
0.101	0.137	0.602	0.160
0.042	0.685	0.143	0.130
0.498	0.276	0.096	0.130
0.015	0.352	0.523	0.110
0.073	0.108	0.106	0.713
0.622	0.206	0.129	0.043
0.270	0.099	0.269	0.362
0.308	0.160	0.168	0.364
