>TCCAACTTATCA	94-TCCAACTTATCA,BestGuess:MA0300.1_GAT1/Jaspar(0.691)	9.731786	-34.633553	0	T:20.0(0.12%),B:3.5(0.01%),P:1e-15
0.132	0.063	0.077	0.728
0.081	0.766	0.072	0.081
0.121	0.710	0.071	0.098
0.789	0.064	0.060	0.087
0.808	0.058	0.064	0.070
0.118	0.693	0.095	0.094
0.061	0.075	0.045	0.819
0.075	0.099	0.073	0.753
0.657	0.125	0.104	0.114
0.108	0.093	0.044	0.755
0.114	0.740	0.067	0.079
0.782	0.075	0.066	0.077
