>TACTGTTTAGTC	24-TACTGTTTAGTC	10.027979	-116.371377	0	T:51.0(0.30%),B:4.5(0.01%),P:1e-50
0.122	0.120	0.121	0.637
0.637	0.098	0.125	0.140
0.113	0.632	0.105	0.150
0.129	0.080	0.065	0.726
0.096	0.131	0.639	0.134
0.093	0.088	0.083	0.736
0.088	0.110	0.106	0.696
0.082	0.129	0.115	0.674
0.632	0.122	0.100	0.146
0.101	0.123	0.651	0.125
0.111	0.104	0.078	0.707
0.113	0.631	0.105	0.151
