>GAGTCGAGACCT	88-GAGTCGAGACCT,BestGuess:PB0117.1_Eomes_2/Jaspar(0.674)	8.444789	-45.256444	0	T:24.0(0.14%),B:3.7(0.01%),P:1e-19
0.118	0.120	0.648	0.114
0.679	0.109	0.078	0.134
0.099	0.120	0.673	0.108
0.103	0.118	0.103	0.676
0.107	0.672	0.112	0.109
0.125	0.119	0.651	0.105
0.678	0.105	0.105	0.112
0.113	0.122	0.635	0.130
0.653	0.111	0.104	0.132
0.126	0.637	0.117	0.120
0.093	0.697	0.116	0.094
0.125	0.106	0.116	0.653
