>CCCCGCTCCTTC	80-CCCCGCTCCTTC,BestGuess:Adf1/dmmpmm(Bergman)/fly(0.702)	9.456775	-51.356281	0	T:23.0(0.14%),B:2.5(0.01%),P:1e-22
0.125	0.474	0.193	0.208
0.090	0.752	0.156	0.002
0.146	0.586	0.145	0.123
0.204	0.587	0.154	0.055
0.213	0.010	0.576	0.201
0.001	0.788	0.110	0.101
0.078	0.183	0.002	0.737
0.006	0.526	0.338	0.130
0.113	0.819	0.004	0.064
0.104	0.164	0.107	0.625
0.129	0.143	0.168	0.560
0.039	0.819	0.004	0.138
