>GTTAGCTGTTTA	37-GTTAGCTGTTTA	9.239774	-94.445066	0	T:160.0(0.94%),B:83.5(0.26%),P:1e-41
0.187	0.027	0.635	0.151
0.119	0.025	0.025	0.831
0.049	0.224	0.001	0.726
0.510	0.001	0.176	0.313
0.226	0.001	0.772	0.001
0.179	0.771	0.001	0.049
0.024	0.001	0.001	0.974
0.001	0.001	0.846	0.152
0.001	0.177	0.001	0.821
0.001	0.101	0.200	0.698
0.001	0.024	0.049	0.926
0.801	0.174	0.001	0.024
