>AGTAACTGTCTA	54-AGTAACTGTCTA	11.344202	-78.368191	0	T:26.0(0.15%),B:1.5(0.00%),P:1e-34
0.777	0.059	0.045	0.119
0.045	0.060	0.865	0.030
0.241	0.074	0.059	0.626
0.836	0.045	0.045	0.074
0.910	0.015	0.030	0.045
0.015	0.881	0.059	0.045
0.074	0.030	0.045	0.851
0.015	0.030	0.759	0.196
0.105	0.015	0.015	0.865
0.030	0.853	0.059	0.058
0.030	0.015	0.074	0.881
0.910	0.015	0.030	0.045
