>GTAGGCAGAGAG	66-CTCTCTGCCTAC	11.095814	-56.532555	0	T:28.0(0.17%),B:3.2(0.01%),P:1e-24
0.032	0.032	0.904	0.032
0.097	0.064	0.176	0.663
0.596	0.250	0.064	0.090
0.064	0.032	0.888	0.016
0.064	0.064	0.820	0.052
0.048	0.904	0.016	0.032
0.936	0.032	0.016	0.016
0.064	0.032	0.888	0.016
0.783	0.074	0.111	0.032
0.001	0.001	0.982	0.016
0.783	0.168	0.016	0.033
0.016	0.081	0.887	0.016
