>GTTGTGAAGTTG	67-GTTGTGAAGTTG	9.123886	-55.602620	0	T:20.0(0.12%),B:1.9(0.01%),P:1e-24
0.128	0.102	0.646	0.124
0.101	0.089	0.101	0.709
0.099	0.089	0.122	0.690
0.090	0.104	0.628	0.178
0.120	0.090	0.110	0.680
0.115	0.140	0.637	0.108
0.654	0.109	0.116	0.121
0.670	0.111	0.087	0.132
0.156	0.090	0.614	0.140
0.117	0.101	0.098	0.684
0.092	0.090	0.105	0.713
0.101	0.096	0.673	0.130
