>TGAAAACTGAAA	21-TGAAAACTGAAA	9.088168	-110.358310	0	T:609.0(3.60%),B:608.2(1.88%),P:1e-47
0.082	0.067	0.066	0.785
0.028	0.071	0.837	0.064
0.910	0.026	0.023	0.041
0.922	0.064	0.013	0.001
0.778	0.056	0.158	0.008
0.847	0.050	0.057	0.046
0.106	0.702	0.113	0.079
0.118	0.018	0.003	0.861
0.048	0.100	0.846	0.006
0.829	0.118	0.029	0.024
0.863	0.062	0.064	0.011
0.821	0.073	0.040	0.066
