>GGGTGAKMAAAA	12-GGGTGAKMAAAA,BestGuess:YRR1(MacIsaac)/Yeast(0.697)	14.035918	-221.396314	0	T:121.0(0.71%),B:15.2(0.05%),P:1e-96
0.024	0.024	0.928	0.024
0.024	0.053	0.878	0.045
0.016	0.016	0.952	0.016
0.008	0.024	0.008	0.960
0.057	0.061	0.850	0.032
0.928	0.032	0.016	0.024
0.016	0.069	0.456	0.458
0.480	0.426	0.045	0.048
0.934	0.029	0.029	0.008
0.862	0.053	0.045	0.040
0.912	0.024	0.024	0.040
0.883	0.040	0.053	0.024
