>TGGCAACGYTGY	4-TGGCAACGYTGY	8.119186	-778.711215	0	T:867.0(5.12%),B:305.8(0.95%),P:1e-338
0.206	0.222	0.092	0.480
0.071	0.085	0.643	0.201
0.227	0.003	0.608	0.162
0.052	0.892	0.054	0.002
0.816	0.001	0.180	0.003
0.592	0.043	0.248	0.117
0.085	0.667	0.030	0.218
0.201	0.166	0.504	0.129
0.099	0.415	0.114	0.372
0.152	0.074	0.003	0.771
0.003	0.006	0.928	0.063
0.093	0.335	0.113	0.458
