>TTCTGCTGCGTC	18-GACGCAGCAGAA	11.565245	-135.724774	0	T:47.0(0.28%),B:3.0(0.01%),P:1e-58
0.029	0.035	0.088	0.848
0.006	0.279	0.035	0.680
0.040	0.862	0.069	0.029
0.082	0.215	0.041	0.662
0.044	0.035	0.869	0.052
0.117	0.531	0.029	0.323
0.035	0.023	0.268	0.674
0.041	0.280	0.632	0.047
0.033	0.604	0.059	0.304
0.017	0.300	0.630	0.053
0.052	0.104	0.096	0.748
0.040	0.858	0.038	0.064
