>GACGCAGCAGAA	18-GACGCAGCAGAA,BestGuess:RAV1(1)(AP2/EREBP)/Arabidopsis thaliana/AthaMap(0.636)	11.565245	-135.724774	0	T:47.0(0.28%),B:3.0(0.01%),P:1e-58
0.064	0.038	0.858	0.040
0.748	0.096	0.104	0.052
0.053	0.630	0.300	0.017
0.304	0.059	0.604	0.033
0.047	0.632	0.280	0.041
0.674	0.268	0.023	0.035
0.323	0.029	0.531	0.117
0.052	0.869	0.035	0.044
0.662	0.041	0.215	0.082
0.029	0.069	0.862	0.040
0.680	0.035	0.279	0.006
0.848	0.088	0.035	0.029
