>GCAGACGA	1-GCAGACGA	8.871097	-1411.646770	0	T:1125.0(6.64%),B:260.6(0.81%),P:1e-613	Tpos:36.1,Tstd:15.1,Bpos:35.6,Bstd:24.8,StrandBias:-0.3,Multiplicity:1.02
0.001	0.001	0.997	0.001
0.001	0.997	0.001	0.001
0.997	0.001	0.001	0.001
0.001	0.001	0.997	0.001
0.997	0.001	0.001	0.001
0.001	0.997	0.001	0.001
0.001	0.001	0.887	0.111
0.997	0.001	0.001	0.001
>GTCTGCTA	2-GTCTGCTA	9.729912	-1143.355184	0	T:824.0(4.87%),B:163.8(0.51%),P:1e-496	Tpos:36.6,Tstd:16.5,Bpos:33.5,Bstd:22.4,StrandBias:0.4,Multiplicity:1.02
0.001	0.001	0.997	0.001
0.001	0.001	0.001	0.997
0.001	0.997	0.001	0.001
0.001	0.001	0.001	0.997
0.001	0.001	0.997	0.001
0.001	0.997	0.001	0.001
0.001	0.001	0.001	0.997
0.736	0.001	0.001	0.262
>TATAWAAA	3-TATAWAAA	7.469685	-923.243522	0	T:1408.0(8.31%),B:673.5(2.10%),P:1e-400	Tpos:24.0,Tstd:9.9,Bpos:36.7,Bstd:20.5,StrandBias:2.0,Multiplicity:1.03
0.004	0.146	0.002	0.848
0.774	0.100	0.046	0.080
0.056	0.080	0.001	0.863
0.997	0.001	0.001	0.001
0.504	0.001	0.001	0.494
0.972	0.001	0.026	0.001
0.496	0.154	0.175	0.174
0.556	0.100	0.343	0.001
>CGTCTGTA	4-CGTCTGTA	3.920706	-916.685897	0	T:1686.0(9.96%),B:942.8(2.94%),P:1e-398	Tpos:37.6,Tstd:17.1,Bpos:33.8,Bstd:22.4,StrandBias:-0.0,Multiplicity:1.02
0.001	0.997	0.001	0.001
0.001	0.001	0.798	0.200
0.001	0.001	0.001	0.997
0.001	0.997	0.001	0.001
0.001	0.001	0.001	0.997
0.001	0.001	0.997	0.001
0.001	0.211	0.001	0.787
0.979	0.001	0.001	0.019
>GTATAAAA	5-GTATAAAA	8.466784	-807.008048	0	T:894.0(5.28%),B:310.7(0.97%),P:1e-350	Tpos:23.3,Tstd:7.6,Bpos:34.9,Bstd:21.4,StrandBias:4.0,Multiplicity:1.00
0.001	0.001	0.997	0.001
0.001	0.001	0.001	0.997
0.997	0.001	0.001	0.001
0.001	0.001	0.001	0.997
0.997	0.001	0.001	0.001
0.849	0.001	0.001	0.149
0.997	0.001	0.001	0.001
0.911	0.001	0.001	0.087
>GTCAGTCG	6-GTCAGTCG	5.560402	-679.139900	0	T:3591.0(21.20%),B:3631.6(11.33%),P:1e-294	Tpos:45.3,Tstd:15.1,Bpos:34.4,Bstd:23.3,StrandBias:1.6,Multiplicity:1.11
0.183	0.188	0.409	0.221
0.056	0.062	0.137	0.745
0.006	0.932	0.015	0.047
0.926	0.010	0.016	0.048
0.015	0.102	0.771	0.112
0.044	0.013	0.031	0.912
0.062	0.614	0.033	0.291
0.053	0.076	0.693	0.178
>WGTCAGTH	7-WGTCAGTH	5.291395	-560.778627	0	T:4623.0(27.30%),B:5452.5(17.02%),P:1e-243	Tpos:41.1,Tstd:16.9,Bpos:35.9,Bstd:22.9,StrandBias:1.3,Multiplicity:1.08
0.397	0.233	0.001	0.369
0.166	0.196	0.409	0.228
0.001	0.001	0.177	0.821
0.001	0.759	0.001	0.239
0.944	0.001	0.001	0.054
0.001	0.127	0.759	0.113
0.001	0.001	0.001	0.997
0.257	0.305	0.124	0.314
>CGCCATCT	8-CGCCATCT	6.350269	-296.872425	0	T:995.0(5.88%),B:795.8(2.48%),P:1e-128	Tpos:32.1,Tstd:18.6,Bpos:33.9,Bstd:19.3,StrandBias:-1.0,Multiplicity:1.02
0.109	0.792	0.001	0.098
0.067	0.001	0.931	0.001
0.122	0.876	0.001	0.001
0.001	0.982	0.006	0.011
0.909	0.089	0.001	0.001
0.001	0.065	0.001	0.933
0.043	0.850	0.021	0.086
0.001	0.001	0.001	0.997
>TGGCAACG	9-TGGCAACG	8.956628	-253.140802	0	T:526.0(3.11%),B:315.4(0.98%),P:1e-109	Tpos:24.8,Tstd:14.9,Bpos:37.3,Bstd:21.9,StrandBias:2.5,Multiplicity:1.02
0.001	0.001	0.001	0.997
0.001	0.001	0.997	0.001
0.001	0.001	0.997	0.001
0.001	0.997	0.001	0.001
0.997	0.001	0.001	0.001
0.997	0.001	0.001	0.001
0.001	0.843	0.001	0.155
0.143	0.001	0.855	0.001
>ACGTTGCC	10-ACGTTGCC	10.836128	-203.538135	0	T:210.0(1.24%),B:67.9(0.21%),P:1e-88	Tpos:23.2,Tstd:15.0,Bpos:30.9,Bstd:20.6,StrandBias:-1.3,Multiplicity:1.00
0.997	0.001	0.001	0.001
0.001	0.792	0.206	0.001
0.001	0.001	0.997	0.001
0.001	0.001	0.001	0.997
0.001	0.001	0.001	0.997
0.001	0.001	0.997	0.001
0.001	0.997	0.001	0.001
0.001	0.997	0.001	0.001
>CTGTTTAT	11-CTGTTTAT	4.274322	-181.954027	0	T:611.0(3.61%),B:487.7(1.52%),P:1e-79	Tpos:36.0,Tstd:17.5,Bpos:35.3,Bstd:22.2,StrandBias:0.7,Multiplicity:1.02
0.001	0.967	0.001	0.031
0.001	0.001	0.001	0.997
0.001	0.001	0.997	0.001
0.001	0.001	0.001	0.997
0.001	0.001	0.001	0.997
0.001	0.001	0.001	0.997
0.997	0.001	0.001	0.001
0.001	0.036	0.023	0.940
>CAACCCTG	12-CAACCCTG	4.711536	-164.799606	0	T:427.0(2.52%),B:295.0(0.92%),P:1e-71	Tpos:29.7,Tstd:17.5,Bpos:32.2,Bstd:21.2,StrandBias:0.4,Multiplicity:1.01
0.001	0.997	0.001	0.001
0.997	0.001	0.001	0.001
0.997	0.001	0.001	0.001
0.001	0.997	0.001	0.001
0.013	0.932	0.054	0.001
0.001	0.966	0.001	0.032
0.001	0.001	0.001	0.997
0.001	0.001	0.997	0.001
>ATGGCAAC	13-ATGGCAAC	8.508372	-155.635746	0	T:426.0(2.52%),B:304.7(0.95%),P:1e-67	Tpos:30.3,Tstd:18.4,Bpos:32.9,Bstd:21.0,StrandBias:0.6,Multiplicity:1.01
0.674	0.324	0.001	0.001
0.001	0.001	0.134	0.864
0.001	0.001	0.997	0.001
0.001	0.001	0.997	0.001
0.001	0.997	0.001	0.001
0.850	0.001	0.148	0.001
0.997	0.001	0.001	0.001
0.001	0.997	0.001	0.001
>CTAGCGGC	14-CTAGCGGC	7.049937	-151.590397	0	T:396.0(2.34%),B:275.3(0.86%),P:1e-65	Tpos:27.6,Tstd:16.1,Bpos:34.8,Bstd:21.7,StrandBias:-0.4,Multiplicity:1.03
0.040	0.909	0.024	0.027
0.001	0.001	0.001	0.997
0.978	0.001	0.020	0.001
0.016	0.015	0.942	0.027
0.076	0.891	0.032	0.001
0.001	0.061	0.937	0.001
0.035	0.063	0.840	0.062
0.086	0.721	0.021	0.172
>ATCTCCGA	15-ATCTCCGA	8.236954	-113.923463	0	T:122.0(0.72%),B:41.9(0.13%),P:1e-49	Tpos:63.8,Tstd:10.4,Bpos:32.2,Bstd:20.2,StrandBias:4.3,Multiplicity:1.00
0.700	0.100	0.100	0.100
0.100	0.100	0.100	0.700
0.100	0.700	0.100	0.100
0.100	0.100	0.100	0.700
0.100	0.700	0.100	0.100
0.100	0.700	0.100	0.100
0.100	0.100	0.700	0.100
0.700	0.100	0.100	0.100
>TGTTTACA	16-TGTTTACA	8.326687	-103.063329	0	T:345.0(2.04%),B:275.3(0.86%),P:1e-44	Tpos:37.3,Tstd:18.0,Bpos:34.1,Bstd:19.2,StrandBias:0.1,Multiplicity:1.01
0.001	0.001	0.001	0.997
0.244	0.001	0.754	0.001
0.001	0.001	0.001	0.997
0.001	0.001	0.001	0.997
0.001	0.149	0.001	0.849
0.997	0.001	0.001	0.001
0.001	0.997	0.001	0.001
0.898	0.001	0.100	0.001
>AGACCACK	17-AGACCACK	9.092587	-99.628718	0	T:237.0(1.40%),B:156.0(0.49%),P:1e-43	Tpos:38.3,Tstd:17.6,Bpos:33.6,Bstd:21.1,StrandBias:-1.1,Multiplicity:1.01
0.997	0.001	0.001	0.001
0.001	0.001	0.997	0.001
0.997	0.001	0.001	0.001
0.001	0.997	0.001	0.001
0.001	0.671	0.327	0.001
0.799	0.001	0.001	0.199
0.001	0.997	0.001	0.001
0.001	0.001	0.471	0.527
>TCAGCTKT	18-TCAGCTKT	8.033484	-94.902270	0	T:384.0(2.27%),B:335.2(1.05%),P:1e-41	Tpos:37.8,Tstd:19.5,Bpos:35.6,Bstd:23.2,StrandBias:0.1,Multiplicity:1.04
0.001	0.001	0.001	0.997
0.256	0.704	0.039	0.001
0.570	0.001	0.171	0.258
0.001	0.001	0.997	0.001
0.136	0.825	0.038	0.001
0.001	0.079	0.256	0.664
0.033	0.123	0.367	0.477
0.001	0.001	0.001	0.997
>TGTCAAAA	19-TGTCAAAA	8.644281	-87.446346	0	T:474.0(2.80%),B:466.8(1.46%),P:1e-37	Tpos:36.6,Tstd:19.0,Bpos:34.6,Bstd:21.2,StrandBias:-0.4,Multiplicity:1.01
0.001	0.001	0.001	0.997
0.001	0.001	0.997	0.001
0.001	0.001	0.001	0.997
0.001	0.997	0.001	0.001
0.997	0.001	0.001	0.001
0.997	0.001	0.001	0.001
0.877	0.121	0.001	0.001
0.729	0.001	0.001	0.269
>GCAGTCTT	20-GCAGTCTT	7.457404	-86.902074	0	T:261.0(1.54%),B:197.3(0.62%),P:1e-37	Tpos:45.6,Tstd:15.9,Bpos:38.0,Bstd:20.2,StrandBias:2.3,Multiplicity:1.02
0.001	0.330	0.642	0.027
0.001	0.997	0.001	0.001
0.997	0.001	0.001	0.001
0.001	0.001	0.997	0.001
0.001	0.001	0.001	0.997
0.001	0.997	0.001	0.001
0.001	0.001	0.001	0.997
0.001	0.001	0.001	0.997