>NKCMGCCATDDT	7-NKCMGCCATDDT	6.463961	-9395.935722	0	T:156856.0(6.73%),B:32299.4(4.71%),P:1e-4080
0.325	0.200	0.274	0.201
0.218	0.124	0.380	0.278
0.218	0.389	0.165	0.228
0.275	0.361	0.211	0.153
0.137	0.072	0.605	0.186
0.153	0.701	0.087	0.059
0.045	0.908	0.007	0.040
0.817	0.113	0.025	0.045
0.007	0.036	0.006	0.951
0.214	0.151	0.316	0.319
0.241	0.121	0.272	0.366
0.184	0.240	0.121	0.455
