>DCCTCCTCCTCC	15-DCCTCCTCCTCC	6.314370	-2732.682207	0	T:228059.0(9.78%),B:57661.8(8.40%),P:1e-1186
0.217	0.174	0.248	0.361
0.057	0.575	0.225	0.143
0.046	0.610	0.058	0.286
0.262	0.050	0.164	0.524
0.060	0.799	0.060	0.081
0.047	0.827	0.052	0.074
0.221	0.097	0.169	0.513
0.061	0.741	0.103	0.095
0.058	0.674	0.082	0.186
0.241	0.111	0.186	0.462
0.090	0.689	0.056	0.165
0.078	0.610	0.152	0.160
