>GYGGTGGCGCTA	11-TAGCGCCACCRC	8.028541	-3808.056564	0	T:40253.0(1.73%),B:7435.7(1.08%),P:1e-1653
0.123	0.092	0.625	0.160
0.214	0.433	0.066	0.287
0.218	0.009	0.578	0.195
0.188	0.106	0.689	0.017
0.041	0.085	0.001	0.873
0.007	0.001	0.938	0.054
0.014	0.080	0.880	0.026
0.019	0.963	0.001	0.017
0.041	0.040	0.888	0.031
0.029	0.870	0.001	0.100
0.001	0.206	0.098	0.695
0.715	0.060	0.124	0.101
