>CCAAGGCCAAGA	18-CCAAGGCCAAGA,BestGuess:Nr5a2(NR)/mES-Nr5a2-ChIP-Seq(GSE19019)/Homer(0.757)	6.939652	-1966.837070	0	T:66768.0(2.86%),B:15305.8(2.23%),P:1e-854
0.091	0.730	0.085	0.094
0.086	0.747	0.090	0.077
0.763	0.072	0.099	0.066
0.763	0.074	0.078	0.085
0.119	0.067	0.732	0.082
0.096	0.083	0.728	0.093
0.076	0.753	0.084	0.087
0.071	0.789	0.074	0.066
0.756	0.090	0.079	0.075
0.741	0.099	0.074	0.086
0.078	0.088	0.755	0.079
0.742	0.088	0.092	0.078
