>YWANVWATCGAK	12-MTCGATWBNTWR	9.045474	-3607.232233	0	T:12893.0(0.55%),B:1618.4(0.24%),P:1e-1566
0.041	0.417	0.080	0.461
0.334	0.020	0.239	0.407
0.696	0.145	0.063	0.096
0.264	0.257	0.251	0.228
0.360	0.310	0.302	0.028
0.430	0.022	0.026	0.522
0.797	0.084	0.074	0.045
0.064	0.041	0.022	0.873
0.064	0.848	0.056	0.032
0.031	0.008	0.915	0.046
0.576	0.026	0.028	0.370
0.191	0.031	0.347	0.431
