>WAWTATTATTTW	21-WAWTATTATTTW,BestGuess:Ubx/dmmpmm(Down)/fly(0.894)	8.171803	-1437.209567	0	T:205833.0(8.83%),B:53958.4(7.86%),P:1e-624
0.430	0.070	0.064	0.436
0.736	0.023	0.009	0.232
0.478	0.006	0.040	0.476
0.032	0.009	0.001	0.958
0.715	0.085	0.096	0.104
0.314	0.010	0.061	0.615
0.120	0.008	0.016	0.856
0.851	0.006	0.019	0.124
0.141	0.052	0.052	0.755
0.001	0.118	0.010	0.871
0.193	0.001	0.151	0.655
0.410	0.030	0.070	0.491
