>WAGCAGACGA	Motif1	7.997175	-1759.675841	0	T:1523.0(8.99%),B:398.3(1.24%),P:1e-764	Tpos:36.5,Tstd:15.1,Bpos:34.2,Bstd:23.1,StrandBias:-0.3,Multiplicity:1.04
0.404	0.094	0.168	0.335
0.658	0.013	0.041	0.288
0.055	0.016	0.915	0.014
0.030	0.940	0.022	0.008
0.959	0.009	0.013	0.019
0.003	0.006	0.983	0.008
0.872	0.021	0.009	0.098
0.041	0.949	0.007	0.003
0.177	0.014	0.637	0.172
0.754	0.035	0.151	0.060
>GTATAAAARG	Motif2	8.140117	-1157.272519	0	T:1105.0(6.52%),B:324.8(1.01%),P:1e-502	Tpos:23.7,Tstd:6.8,Bpos:35.0,Bstd:20.6,StrandBias:3.6,Multiplicity:1.00
0.168	0.098	0.670	0.064
0.026	0.006	0.018	0.950
0.975	0.008	0.007	0.010
0.004	0.003	0.021	0.972
0.967	0.001	0.003	0.029
0.632	0.008	0.026	0.334
0.966	0.011	0.021	0.002
0.774	0.040	0.070	0.116
0.390	0.019	0.462	0.129
0.097	0.203	0.634	0.066
>GCAGACGACA	Motif3	7.242235	-1131.239682	0	T:1750.0(10.33%),B:853.8(2.66%),P:1e-491	Tpos:39.7,Tstd:17.3,Bpos:36.6,Bstd:22.7,StrandBias:0.5,Multiplicity:1.04
0.326	0.020	0.653	0.001
0.001	0.997	0.001	0.001
0.997	0.001	0.001	0.001
0.001	0.001	0.997	0.001
0.569	0.036	0.001	0.394
0.183	0.577	0.045	0.195
0.001	0.108	0.641	0.250
0.452	0.120	0.252	0.175
0.103	0.693	0.001	0.203
0.511	0.001	0.189	0.299
>TCAGTTBNYM	Motif4	5.865064	-707.706626	0	T:2809.0(16.59%),B:2501.8(7.81%),P:1e-307	Tpos:47.5,Tstd:14.3,Bpos:35.5,Bstd:22.6,StrandBias:2.3,Multiplicity:1.05
0.017	0.008	0.001	0.974
0.001	0.984	0.001	0.014
0.997	0.001	0.001	0.001
0.001	0.001	0.997	0.001
0.001	0.001	0.001	0.997
0.088	0.368	0.005	0.539
0.062	0.320	0.342	0.276
0.196	0.309	0.214	0.281
0.043	0.319	0.236	0.402
0.383	0.239	0.154	0.223
>CARCGTTGCC	Motif5	7.725740	-429.092931	0	T:580.0(3.42%),B:245.5(0.77%),P:1e-186	Tpos:24.6,Tstd:13.4,Bpos:33.6,Bstd:21.6,StrandBias:-2.0,Multiplicity:1.01
0.118	0.751	0.108	0.023
0.599	0.078	0.151	0.172
0.388	0.078	0.497	0.037
0.150	0.598	0.101	0.151
0.094	0.001	0.893	0.012
0.030	0.079	0.114	0.777
0.029	0.077	0.049	0.845
0.003	0.022	0.974	0.001
0.001	0.891	0.008	0.100
0.160	0.754	0.041	0.045
>CTAGATGGCG	Motif6	7.822155	-278.280472	0	T:484.0(2.86%),B:254.1(0.79%),P:1e-120	Tpos:27.4,Tstd:14.7,Bpos:34.9,Bstd:19.1,StrandBias:1.7,Multiplicity:1.00
0.132	0.774	0.057	0.037
0.139	0.233	0.052	0.576
0.904	0.017	0.032	0.047
0.058	0.036	0.872	0.034
0.875	0.031	0.075	0.019
0.040	0.017	0.097	0.846
0.055	0.005	0.912	0.028
0.070	0.050	0.717	0.163
0.034	0.861	0.033	0.072
0.149	0.036	0.666	0.149
>GAGTATCTCC	Motif7	11.520558	-240.011159	0	T:105.0(0.62%),B:8.6(0.03%),P:1e-104	Tpos:62.4,Tstd:8.0,Bpos:45.6,Bstd:20.6,StrandBias:6.7,Multiplicity:1.00
0.001	0.001	0.912	0.086
0.997	0.001	0.001	0.001
0.001	0.001	0.997	0.001
0.046	0.312	0.001	0.641
0.997	0.001	0.001	0.001
0.001	0.001	0.001	0.997
0.044	0.635	0.320	0.001
0.001	0.086	0.001	0.912
0.406	0.592	0.001	0.001
0.001	0.997	0.001	0.001
>TATAAAAACC	Motif8	10.489144	-231.747605	0	T:167.0(0.99%),B:34.0(0.11%),P:1e-100	Tpos:24.3,Tstd:9.2,Bpos:36.9,Bstd:18.0,StrandBias:2.9,Multiplicity:1.00
0.001	0.001	0.001	0.997
0.997	0.001	0.001	0.001
0.001	0.001	0.001	0.997
0.997	0.001	0.001	0.001
0.729	0.001	0.001	0.269
0.997	0.001	0.001	0.001
0.835	0.001	0.001	0.163
0.812	0.115	0.072	0.001
0.001	0.991	0.007	0.001
0.001	0.927	0.071	0.001
>ATCTGGCAAC	Motif9	9.381277	-219.333859	0	T:180.0(1.06%),B:44.0(0.14%),P:1e-95	Tpos:25.1,Tstd:13.8,Bpos:39.3,Bstd:22.7,StrandBias:2.5,Multiplicity:1.00
0.997	0.001	0.001	0.001
0.001	0.001	0.001	0.997
0.130	0.769	0.001	0.100
0.001	0.001	0.001	0.997
0.041	0.001	0.957	0.001
0.001	0.001	0.997	0.001
0.001	0.997	0.001	0.001
0.997	0.001	0.001	0.001
0.863	0.006	0.001	0.130
0.001	0.926	0.001	0.072
>TRGYAAYGYC	Motif10	6.840686	-173.062561	0	T:168.0(0.99%),B:50.8(0.16%),P:1e-75	Tpos:28.6,Tstd:15.2,Bpos:33.7,Bstd:15.9,StrandBias:1.2,Multiplicity:1.00
0.179	0.108	0.005	0.708
0.373	0.139	0.444	0.045
0.285	0.088	0.517	0.110
0.013	0.440	0.227	0.321
0.758	0.005	0.108	0.129
0.540	0.034	0.208	0.218
0.151	0.407	0.099	0.343
0.063	0.185	0.745	0.007
0.003	0.395	0.239	0.364
0.282	0.449	0.180	0.089
>DTGTAAACAA	Motif11	8.082567	-170.231326	0	T:505.0(2.98%),B:377.8(1.18%),P:1e-73	Tpos:35.8,Tstd:17.4,Bpos:35.9,Bstd:19.6,StrandBias:0.2,Multiplicity:1.01
0.269	0.050	0.292	0.389
0.125	0.268	0.001	0.606
0.213	0.011	0.666	0.110
0.128	0.001	0.051	0.820
0.997	0.001	0.001	0.001
0.896	0.001	0.001	0.102
0.977	0.001	0.021	0.001
0.001	0.767	0.001	0.231
0.942	0.056	0.001	0.001
0.733	0.180	0.001	0.086
>CCGCTAGAGG	Motif12	8.412366	-166.181496	0	T:207.0(1.22%),B:81.6(0.25%),P:1e-72	Tpos:24.7,Tstd:15.3,Bpos:41.1,Bstd:19.6,StrandBias:0.8,Multiplicity:1.00
0.147	0.773	0.048	0.032
0.006	0.992	0.001	0.001
0.006	0.001	0.992	0.001
0.032	0.814	0.147	0.007
0.001	0.001	0.001	0.997
0.997	0.001	0.001	0.001
0.001	0.001	0.997	0.001
0.912	0.001	0.086	0.001
0.001	0.001	0.795	0.203
0.007	0.032	0.913	0.048
>YYWWMWMYMG	Motif13	5.602801	-160.839332	0	T:184.0(1.09%),B:66.9(0.21%),P:1e-69	Tpos:27.8,Tstd:14.3,Bpos:39.5,Bstd:18.0,StrandBias:-0.7,Multiplicity:1.00
0.174	0.349	0.033	0.443
0.036	0.395	0.073	0.496
0.331	0.066	0.154	0.449
0.289	0.146	0.151	0.414
0.552	0.404	0.001	0.043
0.294	0.019	0.244	0.443
0.419	0.350	0.230	0.001
0.174	0.345	0.022	0.459
0.448	0.467	0.079	0.006
0.208	0.139	0.413	0.240
>CCGCCATTTT	Motif14	9.697367	-154.711476	0	T:212.0(1.25%),B:91.1(0.28%),P:1e-67	Tpos:45.5,Tstd:16.9,Bpos:32.5,Bstd:15.6,StrandBias:0.0,Multiplicity:1.00
0.047	0.660	0.068	0.225
0.096	0.834	0.069	0.001
0.038	0.038	0.843	0.081
0.047	0.906	0.018	0.029
0.001	0.997	0.001	0.001
0.895	0.032	0.029	0.044
0.001	0.001	0.001	0.997
0.165	0.006	0.134	0.695
0.127	0.001	0.050	0.822
0.065	0.029	0.028	0.878
>AGGTGGCGCT	Motif15	6.997825	-152.606135	0	T:532.0(3.14%),B:432.3(1.35%),P:1e-66	Tpos:28.0,Tstd:16.7,Bpos:32.4,Bstd:18.7,StrandBias:0.1,Multiplicity:1.02
0.741	0.135	0.037	0.087
0.063	0.058	0.829	0.050
0.190	0.031	0.749	0.030
0.041	0.078	0.111	0.770
0.059	0.039	0.879	0.023
0.044	0.048	0.834	0.074
0.097	0.832	0.027	0.044
0.129	0.010	0.779	0.082
0.025	0.822	0.087	0.066
0.047	0.101	0.085	0.767
>GATCAGTCGA	Motif16	8.913165	-148.133943	0	T:175.0(1.03%),B:65.9(0.21%),P:1e-64	Tpos:42.9,Tstd:16.5,Bpos:32.6,Bstd:16.5,StrandBias:2.5,Multiplicity:1.00
0.011	0.095	0.841	0.053
0.494	0.171	0.122	0.213
0.027	0.001	0.038	0.934
0.011	0.947	0.021	0.021
0.929	0.049	0.011	0.011
0.001	0.021	0.577	0.401
0.032	0.023	0.011	0.934
0.021	0.819	0.028	0.132
0.160	0.098	0.693	0.049
0.849	0.021	0.077	0.053
>TACTGTTTAS	Motif17	8.721182	-145.003370	0	T:262.0(1.55%),B:142.9(0.45%),P:1e-62	Tpos:32.0,Tstd:14.6,Bpos:33.0,Bstd:23.5,StrandBias:1.3,Multiplicity:1.02
0.184	0.001	0.121	0.694
0.751	0.028	0.174	0.047
0.107	0.840	0.052	0.001
0.001	0.005	0.001	0.993
0.130	0.001	0.868	0.001
0.005	0.001	0.001	0.993
0.001	0.001	0.001	0.997
0.016	0.121	0.074	0.789
0.977	0.016	0.006	0.001
0.120	0.377	0.328	0.175
>GWGAGAAAAR	Motif18	11.248084	-137.115647	0	T:159.0(0.94%),B:58.8(0.18%),P:1e-59	Tpos:23.8,Tstd:13.0,Bpos:37.2,Bstd:20.3,StrandBias:4.0,Multiplicity:1.41
0.001	0.001	0.997	0.001
0.486	0.004	0.001	0.509
0.001	0.120	0.861	0.018
0.997	0.001	0.001	0.001
0.001	0.211	0.593	0.195
0.786	0.212	0.001	0.001
0.974	0.018	0.004	0.004
0.995	0.003	0.001	0.001
0.851	0.138	0.010	0.001
0.437	0.010	0.505	0.048
>NTTTGACAGY	Motif19	8.304942	-107.735822	0	T:362.0(2.14%),B:289.7(0.90%),P:1e-46	Tpos:38.2,Tstd:17.7,Bpos:34.5,Bstd:21.6,StrandBias:0.5,Multiplicity:1.01
0.263	0.205	0.194	0.338
0.165	0.043	0.153	0.639
0.048	0.260	0.086	0.606
0.011	0.034	0.001	0.954
0.014	0.018	0.958	0.010
0.889	0.028	0.057	0.026
0.012	0.919	0.059	0.010
0.904	0.024	0.012	0.060
0.170	0.161	0.526	0.143
0.119	0.337	0.110	0.434
>TATCAAAACA	Motif20	8.451493	-97.241604	0	T:349.0(2.06%),B:288.5(0.90%),P:1e-42	Tpos:33.2,Tstd:18.1,Bpos:33.3,Bstd:18.6,StrandBias:-0.4,Multiplicity:1.01
0.126	0.001	0.016	0.857
0.671	0.014	0.174	0.141
0.081	0.007	0.001	0.911
0.055	0.943	0.001	0.001
0.992	0.001	0.006	0.001
0.949	0.022	0.008	0.021
0.913	0.065	0.001	0.021
0.926	0.001	0.001	0.072
0.082	0.916	0.001	0.001
0.931	0.001	0.009	0.059
>AAACTCATTA	Motif21	10.840170	-89.763439	0	T:56.0(0.33%),B:9.5(0.03%),P:1e-38	Tpos:23.9,Tstd:12.2,Bpos:40.7,Bstd:18.9,StrandBias:1.5,Multiplicity:1.00
0.997	0.001	0.001	0.001
0.997	0.001	0.001	0.001
0.997	0.001	0.001	0.001
0.001	0.997	0.001	0.001
0.001	0.001	0.001	0.997
0.001	0.997	0.001	0.001
0.997	0.001	0.001	0.001
0.001	0.001	0.050	0.948
0.001	0.001	0.001	0.997
0.997	0.001	0.001	0.001
>DATCAGCTGW	Motif22	9.820339	-83.888967	0	T:175.0(1.03%),B:106.9(0.33%),P:1e-36	Tpos:33.2,Tstd:17.2,Bpos:38.2,Bstd:21.3,StrandBias:-0.2,Multiplicity:1.02
0.351	0.001	0.362	0.286
0.746	0.185	0.068	0.001
0.397	0.001	0.001	0.601
0.001	0.997	0.001	0.001
0.997	0.001	0.001	0.001
0.001	0.001	0.997	0.001
0.001	0.997	0.001	0.001
0.001	0.001	0.001	0.997
0.001	0.001	0.997	0.001
0.562	0.001	0.001	0.436
>GTGTCAGTAT	Motif23	11.031599	-82.478051	0	T:40.0(0.24%),B:4.8(0.01%),P:1e-35	Tpos:42.6,Tstd:14.6,Bpos:43.0,Bstd:6.9,StrandBias:1.3,Multiplicity:1.00
0.001	0.001	0.803	0.195
0.008	0.001	0.001	0.990
0.195	0.001	0.609	0.195
0.001	0.001	0.195	0.803
0.001	0.997	0.001	0.001
0.997	0.001	0.001	0.001
0.001	0.001	0.997	0.001
0.188	0.001	0.001	0.810
0.780	0.001	0.218	0.001
0.001	0.001	0.001	0.997
>CCCTTCCTCC	Motif24	9.699780	-82.185007	0	T:99.0(0.58%),B:38.9(0.12%),P:1e-35	Tpos:31.0,Tstd:16.9,Bpos:38.5,Bstd:14.6,StrandBias:-0.5,Multiplicity:1.01
0.019	0.911	0.069	0.001
0.001	0.834	0.050	0.115
0.055	0.909	0.007	0.029
0.041	0.001	0.001	0.957
0.001	0.001	0.050	0.948
0.033	0.933	0.001	0.033
0.006	0.992	0.001	0.001
0.001	0.121	0.019	0.859
0.007	0.948	0.001	0.044
0.007	0.769	0.001	0.223
>CAGAAGCGTG	Motif25	9.446840	-78.368191	0	T:26.0(0.15%),B:1.9(0.01%),P:1e-34	Tpos:45.3,Tstd:21.2,Bpos:35.0,Bstd:0.0,StrandBias:-0.4,Multiplicity:1.00
0.001	0.997	0.001	0.001
0.997	0.001	0.001	0.001
0.001	0.020	0.978	0.001
0.997	0.001	0.001	0.001
0.997	0.001	0.001	0.001
0.001	0.001	0.997	0.001
0.001	0.775	0.001	0.223
0.001	0.001	0.997	0.001
0.001	0.001	0.202	0.796
0.001	0.001	0.997	0.001