>DTKTCGTCTGCT	1-DTKTCGTCTGCT	8.121527	-1823.689528	0	T:1623.0(9.58%),B:441.1(1.38%),P:1e-792	Tpos:36.5,Tstd:14.7,Bpos:35.1,Bstd:21.9,StrandBias:0.3,Multiplicity:1.02
0.335	0.155	0.216	0.295
0.271	0.161	0.120	0.449
0.211	0.039	0.417	0.333
0.056	0.061	0.124	0.759
0.129	0.693	0.017	0.161
0.021	0.001	0.900	0.078
0.075	0.004	0.026	0.895
0.001	0.995	0.001	0.003
0.015	0.009	0.017	0.959
0.017	0.008	0.974	0.001
0.076	0.823	0.022	0.079
0.272	0.053	0.013	0.662

>GTATAWAARVNV	2-GTATAWAARVNV	8.801201	-1198.716652	0	T:1062.0(6.27%),B:283.3(0.88%),P:1e-520	Tpos:24.5,Tstd:6.4,Bpos:35.5,Bstd:20.1,StrandBias:4.1,Multiplicity:1.00
0.170	0.246	0.504	0.080
0.029	0.001	0.022	0.948
0.954	0.001	0.001	0.044
0.001	0.001	0.001	0.997
0.997	0.001	0.001	0.001
0.574	0.001	0.001	0.424
0.997	0.001	0.001	0.001
0.791	0.001	0.001	0.207
0.492	0.096	0.354	0.057
0.231	0.295	0.372	0.102
0.227	0.330	0.251	0.192
0.216	0.263	0.358	0.162

>TCAGTTBNYM	4-TCAGTTBNYM	5.865064	-707.706626	0	T:2809.0(16.59%),B:2501.8(7.81%),P:1e-307	Tpos:47.5,Tstd:14.3,Bpos:35.5,Bstd:22.6,StrandBias:2.3,Multiplicity:1.05
0.017	0.008	0.001	0.974
0.001	0.984	0.001	0.014
0.997	0.001	0.001	0.001
0.001	0.001	0.997	0.001
0.001	0.001	0.001	0.997
0.088	0.368	0.005	0.539
0.062	0.320	0.342	0.276
0.196	0.309	0.214	0.281
0.043	0.319	0.236	0.402
0.383	0.239	0.154	0.223

>CGCCATCT	8-CGCCATCT	6.350269	-296.872425	0	T:995.0(5.88%),B:795.8(2.48%),P:1e-128	Tpos:32.1,Tstd:18.6,Bpos:33.9,Bstd:19.3,StrandBias:-1.0,Multiplicity:1.02
0.109	0.792	0.001	0.098
0.067	0.001	0.931	0.001
0.122	0.876	0.001	0.001
0.001	0.982	0.006	0.011
0.909	0.089	0.001	0.001
0.001	0.065	0.001	0.933
0.043	0.850	0.021	0.086
0.001	0.001	0.001	0.997

>TGGCAACGYTGY	5-TGGCAACGYTGY	8.161110	-584.715933	0	T:674.0(3.98%),B:243.7(0.76%),P:1e-253	Tpos:25.6,Tstd:13.3,Bpos:35.1,Bstd:19.6,StrandBias:2.3,Multiplicity:1.01
0.101	0.176	0.010	0.713
0.053	0.057	0.734	0.156
0.237	0.003	0.688	0.072
0.002	0.996	0.001	0.001
0.997	0.001	0.001	0.001
0.733	0.046	0.129	0.092
0.003	0.809	0.001	0.187
0.212	0.061	0.653	0.074
0.010	0.394	0.100	0.496
0.065	0.228	0.019	0.688
0.055	0.062	0.761	0.122
0.150	0.408	0.057	0.386