>GTCAGTCG	6-GTCAGTCG	5.560402	-679.139900	0	T:3591.0(21.20%),B:3631.6(11.33%),P:1e-294	Tpos:45.3,Tstd:15.1,Bpos:34.4,Bstd:23.3,StrandBias:1.6,Multiplicity:1.11
0.183	0.188	0.409	0.221
0.056	0.062	0.137	0.745
0.006	0.932	0.015	0.047
0.926	0.010	0.016	0.048
0.015	0.102	0.771	0.112
0.044	0.013	0.031	0.912
0.062	0.614	0.033	0.291
0.053	0.076	0.693	0.178
>WGTCAGTH	7-WGTCAGTH	5.291395	-560.778627	0	T:4623.0(27.30%),B:5452.5(17.02%),P:1e-243	Tpos:41.1,Tstd:16.9,Bpos:35.9,Bstd:22.9,StrandBias:1.3,Multiplicity:1.08
0.397	0.233	0.001	0.369
0.166	0.196	0.409	0.228
0.001	0.001	0.177	0.821
0.001	0.759	0.001	0.239
0.944	0.001	0.001	0.054
0.001	0.127	0.759	0.113
0.001	0.001	0.001	0.997
0.257	0.305	0.124	0.314
>GCAGTCTT	20-GCAGTCTT	7.457404	-86.902074	0	T:261.0(1.54%),B:197.3(0.62%),P:1e-37	Tpos:45.6,Tstd:15.9,Bpos:38.0,Bstd:20.2,StrandBias:2.3,Multiplicity:1.02
0.001	0.330	0.642	0.027
0.001	0.997	0.001	0.001
0.997	0.001	0.001	0.001
0.001	0.001	0.997	0.001
0.001	0.001	0.001	0.997
0.001	0.997	0.001	0.001
0.001	0.001	0.001	0.997
0.001	0.001	0.001	0.997