>GAACTGCGTTGG	63-CCAACGCAGTTC	10.482831	-62.427059	0	T:33.0(0.19%),B:4.4(0.01%),P:1e-27
0.047	0.001	0.905	0.047
0.858	0.001	0.047	0.094
0.904	0.001	0.001	0.094
0.001	0.807	0.145	0.047
0.047	0.001	0.094	0.858
0.001	0.236	0.762	0.001
0.095	0.712	0.047	0.146
0.045	0.001	0.667	0.287
0.001	0.046	0.001	0.952
0.001	0.046	0.001	0.952
0.047	0.142	0.764	0.047
0.001	0.001	0.904	0.094
