>GTAGTGGCATTG	86-GTAGTGGCATTG	9.827600	-48.080220	0	T:30.0(0.18%),B:5.1(0.02%),P:1e-20
0.236	0.141	0.545	0.078
0.114	0.102	0.141	0.643
0.735	0.023	0.152	0.090
0.117	0.094	0.736	0.053
0.001	0.039	0.015	0.945
0.047	0.070	0.774	0.109
0.001	0.047	0.796	0.156
0.063	0.796	0.031	0.110
0.757	0.079	0.065	0.099
0.047	0.168	0.189	0.596
0.070	0.140	0.157	0.633
0.001	0.054	0.906	0.039
