>GGATATGGGGGA	65-GGATATGGGGGA,BestGuess:PB0128.1_Gcm1_2/Jaspar(0.644)	11.096981	-57.648419	0	T:25.0(0.15%),B:2.4(0.01%),P:1e-25
0.149	0.035	0.815	0.001
0.033	0.098	0.804	0.065
0.804	0.065	0.098	0.033
0.065	0.001	0.065	0.869
0.832	0.001	0.067	0.100
0.001	0.001	0.162	0.836
0.064	0.001	0.934	0.001
0.033	0.163	0.706	0.098
0.001	0.152	0.674	0.173
0.032	0.001	0.935	0.032
0.067	0.032	0.900	0.001
0.932	0.001	0.032	0.035
