>TGTAGCCGTTCG	95-TGTAGCCGTTCG	10.683081	-33.565673	0	T:17.0(0.10%),B:3.0(0.01%),P:1e-14
0.108	0.054	0.027	0.811
0.027	0.108	0.811	0.054
0.083	0.054	0.083	0.780
0.836	0.108	0.054	0.002
0.027	0.029	0.890	0.054
0.081	0.836	0.029	0.054
0.027	0.945	0.027	0.001
0.054	0.068	0.851	0.027
0.056	0.054	0.083	0.807
0.027	0.054	0.001	0.918
0.027	0.757	0.135	0.081
0.108	0.027	0.784	0.081
