>ATTAAAATATTA	60-ATTAAAATATTA	10.102033	-65.362434	0	T:31.0(0.18%),B:3.5(0.01%),P:1e-28
0.600	0.093	0.114	0.193
0.103	0.133	0.144	0.620
0.063	0.135	0.143	0.659
0.632	0.147	0.188	0.033
0.668	0.088	0.153	0.091
0.878	0.083	0.001	0.038
0.685	0.039	0.114	0.162
0.198	0.043	0.147	0.612
0.698	0.033	0.119	0.150
0.141	0.136	0.127	0.596
0.129	0.133	0.122	0.616
0.752	0.001	0.001	0.246
