>GACTTTTCTCTC	8-GAGAGAAAAGTC	11.086574	-291.498802	0	T:106.0(0.63%),B:5.8(0.02%),P:1e-126
0.023	0.069	0.624	0.284
0.558	0.270	0.063	0.109
0.063	0.706	0.017	0.214
0.190	0.029	0.204	0.577
0.078	0.017	0.001	0.904
0.001	0.034	0.046	0.919
0.099	0.006	0.006	0.889
0.132	0.551	0.040	0.277
0.063	0.223	0.001	0.713
0.021	0.746	0.074	0.159
0.051	0.095	0.026	0.828
0.095	0.639	0.232	0.034
