>ATCTCGGGATAT	68-ATATCCCGAGAT	10.615603	-55.602620	0	T:20.0(0.12%),B:1.4(0.00%),P:1e-24
0.592	0.111	0.186	0.111
0.001	0.001	0.036	0.962
0.074	0.852	0.037	0.037
0.036	0.001	0.001	0.962
0.002	0.924	0.037	0.037
0.037	0.037	0.852	0.074
0.074	0.074	0.741	0.111
0.001	0.073	0.925	0.001
0.844	0.037	0.008	0.111
0.002	0.074	0.037	0.887
0.775	0.075	0.039	0.111
0.111	0.111	0.037	0.741
