>TTTAGTCATAAG	56-TTTAGTCATAAG	10.368018	-68.018876	0	T:35.0(0.21%),B:4.9(0.02%),P:1e-29
0.045	0.045	0.023	0.887
0.023	0.023	0.045	0.909
0.001	0.022	0.007	0.970
0.887	0.022	0.001	0.090
0.091	0.091	0.750	0.068
0.022	0.001	0.045	0.932
0.091	0.841	0.045	0.023
0.795	0.068	0.068	0.069
0.070	0.091	0.068	0.771
0.738	0.068	0.001	0.193
0.728	0.045	0.113	0.114
0.068	0.023	0.818	0.091
