>HAACTCTCAGAH	89-HAACTCTCAGAH	8.154765	-45.256444	0	T:24.0(0.14%),B:3.8(0.01%),P:1e-19
0.271	0.341	0.190	0.198
0.634	0.129	0.130	0.107
0.672	0.100	0.105	0.123
0.139	0.614	0.117	0.130
0.144	0.096	0.103	0.657
0.128	0.550	0.164	0.158
0.149	0.115	0.112	0.624
0.116	0.654	0.120	0.110
0.667	0.103	0.100	0.130
0.165	0.134	0.595	0.106
0.623	0.130	0.105	0.142
0.222	0.368	0.184	0.226
