>CCAACGCAGTTC	63-CCAACGCAGTTC,BestGuess:MA0313.1_HAP2/Jaspar(0.607)	10.482831	-62.427059	0	T:33.0(0.19%),B:4.4(0.01%),P:1e-27
0.094	0.904	0.001	0.001
0.047	0.764	0.142	0.047
0.952	0.001	0.046	0.001
0.952	0.001	0.046	0.001
0.287	0.667	0.001	0.045
0.146	0.047	0.712	0.095
0.001	0.762	0.236	0.001
0.858	0.094	0.001	0.047
0.047	0.145	0.807	0.001
0.094	0.001	0.001	0.904
0.094	0.047	0.001	0.858
0.047	0.905	0.001	0.047
