>ATATCCCGAGAT	68-ATATCCCGAGAT,BestGuess:MA0527.1_ZBTB33/Jaspar(0.717)	10.615603	-55.602620	0	T:20.0(0.12%),B:1.4(0.00%),P:1e-24
0.741	0.037	0.111	0.111
0.111	0.039	0.075	0.775
0.887	0.037	0.074	0.002
0.111	0.008	0.037	0.844
0.001	0.925	0.073	0.001
0.111	0.741	0.074	0.074
0.074	0.852	0.037	0.037
0.037	0.037	0.924	0.002
0.962	0.001	0.001	0.036
0.037	0.037	0.852	0.074
0.962	0.036	0.001	0.001
0.111	0.186	0.111	0.592
