>CGACAGTCRGTY	31-CGACAGTCRGTY	10.631550	-102.503975	0	T:32.0(0.19%),B:1.8(0.01%),P:1e-44
0.097	0.470	0.240	0.193
0.025	0.027	0.924	0.024
0.854	0.096	0.001	0.049
0.024	0.949	0.026	0.001
0.805	0.048	0.048	0.099
0.001	0.089	0.908	0.002
0.049	0.024	0.001	0.926
0.024	0.878	0.001	0.097
0.513	0.001	0.462	0.024
0.024	0.075	0.876	0.025
0.024	0.048	0.024	0.904
0.001	0.433	0.263	0.302
