>GTCCCTGAAGAC	28-GTCTTCAGGGAC	8.942678	-105.539692	0	T:39.0(0.23%),B:2.6(0.01%),P:1e-45
0.096	0.112	0.670	0.122
0.103	0.113	0.097	0.687
0.103	0.633	0.132	0.132
0.162	0.561	0.121	0.156
0.128	0.658	0.097	0.117
0.129	0.081	0.091	0.699
0.105	0.111	0.682	0.102
0.671	0.131	0.098	0.100
0.690	0.120	0.075	0.115
0.138	0.094	0.679	0.089
0.680	0.101	0.097	0.122
0.122	0.691	0.099	0.088
