>ACTATGACCTGG	52-ACTATGACCTGG,BestGuess:MF0004.1_Nuclear_Receptor_class/Jaspar(0.618)	11.081714	-78.368191	0	T:26.0(0.15%),B:1.1(0.00%),P:1e-34
0.904	0.001	0.001	0.094
0.001	0.904	0.001	0.094
0.001	0.046	0.001	0.952
0.759	0.049	0.096	0.096
0.001	0.047	0.094	0.858
0.001	0.047	0.858	0.094
0.859	0.047	0.047	0.047
0.096	0.667	0.236	0.001
0.142	0.764	0.047	0.047
0.142	0.094	0.001	0.763
0.001	0.046	0.952	0.001
0.001	0.047	0.810	0.142
