>AAHCCTTKAACG	35-CGTTMAAGGDTT	10.545803	-98.398265	0	T:31.0(0.18%),B:1.8(0.01%),P:1e-42
0.891	0.075	0.001	0.033
0.857	0.042	0.051	0.050
0.306	0.333	0.134	0.227
0.101	0.558	0.106	0.235
0.106	0.660	0.125	0.109
0.066	0.001	0.041	0.892
0.001	0.092	0.063	0.844
0.017	0.135	0.480	0.368
0.840	0.067	0.076	0.017
0.783	0.050	0.109	0.058
0.060	0.712	0.106	0.122
0.142	0.001	0.790	0.067
