>VATAGATGGCGT	21-VATAGATGGCGT	9.437535	-131.248096	0	T:183.0(1.08%),B:80.9(0.25%),P:1e-56
0.338	0.304	0.231	0.128
0.766	0.106	0.013	0.115
0.145	0.254	0.115	0.486
0.910	0.006	0.001	0.083
0.151	0.001	0.842	0.006
0.914	0.001	0.062	0.023
0.006	0.001	0.045	0.948
0.006	0.001	0.981	0.012
0.135	0.001	0.761	0.103
0.106	0.735	0.019	0.140
0.205	0.019	0.547	0.229
0.152	0.088	0.100	0.660
