>GCMGCCATDTTG	14-GCMGCCATDTTG	9.156048	-171.178113	0	T:229.0(1.35%),B:96.6(0.30%),P:1e-74
0.070	0.049	0.583	0.298
0.163	0.768	0.027	0.042
0.412	0.263	0.228	0.097
0.013	0.001	0.973	0.013
0.028	0.957	0.014	0.001
0.013	0.985	0.001	0.001
0.931	0.041	0.014	0.014
0.014	0.014	0.041	0.931
0.327	0.032	0.281	0.360
0.041	0.001	0.041	0.917
0.014	0.014	0.055	0.917
0.014	0.014	0.624	0.348
