>AGCTCCGTCTTT	99-AAAGACGGAGCT	8.826838	-29.624006	0	T:22.0(0.13%),B:5.2(0.02%),P:1e-12
0.646	0.113	0.114	0.127
0.128	0.119	0.608	0.145
0.106	0.663	0.080	0.151
0.102	0.099	0.116	0.683
0.095	0.636	0.108	0.161
0.123	0.641	0.106	0.130
0.122	0.112	0.623	0.143
0.109	0.107	0.088	0.696
0.084	0.689	0.088	0.139
0.101	0.090	0.094	0.715
0.085	0.107	0.103	0.705
0.075	0.125	0.102	0.698
