>AGCCGGACAGTC	96-AGCCGGACAGTC	10.607210	-33.565673	0	T:17.0(0.10%),B:2.8(0.01%),P:1e-14
0.888	0.002	0.067	0.043
0.022	0.046	0.910	0.022
0.046	0.803	0.043	0.108
0.089	0.738	0.065	0.108
0.089	0.089	0.757	0.065
0.087	0.065	0.805	0.043
0.736	0.132	0.065	0.067
0.043	0.913	0.001	0.043
0.870	0.043	0.086	0.001
0.022	0.022	0.913	0.043
0.065	0.065	0.046	0.824
0.067	0.868	0.022	0.043
