>GTCTTCAGGGAC	28-GTCTTCAGGGAC,BestGuess:MA0154.2_EBF1/Jaspar(0.627)	8.942678	-105.539692	0	T:39.0(0.23%),B:2.6(0.01%),P:1e-45
0.088	0.099	0.691	0.122
0.122	0.097	0.101	0.680
0.089	0.679	0.094	0.138
0.115	0.075	0.120	0.690
0.100	0.098	0.131	0.671
0.102	0.682	0.111	0.105
0.699	0.091	0.081	0.129
0.117	0.097	0.658	0.128
0.156	0.121	0.561	0.162
0.132	0.132	0.633	0.103
0.687	0.097	0.113	0.103
0.122	0.670	0.112	0.096
