>CGCTAGGTGGCG	15-CGCTAGGTGGCG	7.710727	-170.476983	0	T:332.0(1.96%),B:190.5(0.59%),P:1e-74
0.054	0.788	0.075	0.083
0.120	0.056	0.730	0.094
0.088	0.692	0.140	0.080
0.085	0.209	0.085	0.621
0.685	0.075	0.110	0.130
0.044	0.039	0.860	0.057
0.141	0.062	0.677	0.120
0.065	0.081	0.091	0.763
0.054	0.039	0.853	0.054
0.070	0.066	0.774	0.090
0.057	0.796	0.036	0.111
0.097	0.054	0.763	0.086
