>AGCGATCAGCTG	57-AGCGATCAGCTG	10.303705	-68.018876	0	T:35.0(0.21%),B:4.4(0.01%),P:1e-29
0.823	0.096	0.049	0.032
0.112	0.033	0.790	0.065
0.065	0.728	0.064	0.143
0.143	0.065	0.756	0.036
0.904	0.032	0.032	0.032
0.081	0.032	0.105	0.782
0.121	0.783	0.064	0.032
0.871	0.033	0.064	0.032
0.064	0.032	0.888	0.016
0.032	0.872	0.032	0.064
0.032	0.032	0.001	0.935
0.064	0.016	0.887	0.033
