>CWAAGTCACAAC	44-GTTGTGACTTWG	9.662441	-84.917819	0	T:84.0(0.50%),B:27.0(0.08%),P:1e-36
0.246	0.644	0.032	0.078
0.260	0.164	0.193	0.382
0.739	0.171	0.079	0.011
0.636	0.074	0.025	0.265
0.214	0.061	0.612	0.113
0.064	0.074	0.036	0.826
0.187	0.676	0.081	0.056
0.829	0.088	0.036	0.047
0.228	0.700	0.047	0.025
0.872	0.021	0.072	0.035
0.967	0.001	0.031	0.001
0.129	0.832	0.018	0.021
