>GCATGGCCTACT	45-GCATGGCCTACT,BestGuess:MA0381.1_SKN7/Jaspar(0.574)	10.338171	-84.451108	0	T:64.0(0.38%),B:14.5(0.05%),P:1e-36
0.044	0.274	0.526	0.156
0.131	0.810	0.044	0.015
0.941	0.029	0.015	0.015
0.059	0.015	0.015	0.911
0.175	0.015	0.795	0.015
0.029	0.059	0.911	0.001
0.317	0.636	0.032	0.015
0.014	0.869	0.001	0.116
0.044	0.059	0.044	0.853
0.898	0.044	0.029	0.029
0.029	0.941	0.015	0.015
0.015	0.015	0.044	0.926
