>TCCCTATCCAGG	81-CCTGGATAGGGA	10.674298	-51.356281	0	T:23.0(0.14%),B:2.7(0.01%),P:1e-22
0.001	0.057	0.028	0.914
0.057	0.829	0.057	0.057
0.085	0.829	0.057	0.029
0.058	0.855	0.029	0.058
0.085	0.171	0.001	0.743
0.857	0.057	0.057	0.029
0.001	0.001	0.084	0.914
0.057	0.828	0.086	0.029
0.171	0.771	0.001	0.057
0.859	0.112	0.001	0.028
0.001	0.028	0.914	0.057
0.085	0.030	0.714	0.171
