>TCCAVGSAGWCT	29-TCCAVGSAGWCT	8.874582	-105.539692	0	T:39.0(0.23%),B:2.4(0.01%),P:1e-45
0.323	0.001	0.177	0.498
0.170	0.628	0.002	0.200
0.140	0.523	0.277	0.060
0.444	0.207	0.262	0.086
0.318	0.333	0.204	0.145
0.280	0.162	0.557	0.001
0.109	0.316	0.454	0.121
0.694	0.209	0.002	0.095
0.001	0.001	0.959	0.039
0.555	0.031	0.002	0.412
0.054	0.905	0.001	0.040
0.046	0.004	0.358	0.592
