>ACGCCATTGATG	61-ACGCCATTGATG,BestGuess:pho/dmmpmm(Bergman)/fly(0.708)	11.817118	-64.097286	0	T:27.0(0.16%),B:2.9(0.01%),P:1e-27
0.756	0.085	0.001	0.158
0.001	0.923	0.001	0.075
0.075	0.001	0.923	0.001
0.228	0.695	0.076	0.001
0.001	0.936	0.001	0.062
0.920	0.002	0.076	0.002
0.001	0.228	0.002	0.769
0.075	0.001	0.001	0.923
0.075	0.001	0.923	0.001
0.682	0.087	0.001	0.230
0.002	0.001	0.076	0.921
0.078	0.001	0.769	0.152
