>AACATACTGTCA	74-AACATACTGTCA	11.353580	-54.265198	0	T:30.0(0.18%),B:4.3(0.01%),P:1e-23
0.852	0.016	0.064	0.068
0.879	0.073	0.016	0.032
0.032	0.872	0.016	0.080
0.824	0.111	0.064	0.001
0.256	0.080	0.084	0.580
0.856	0.032	0.048	0.064
0.016	0.856	0.032	0.096
0.073	0.001	0.016	0.910
0.047	0.079	0.873	0.001
0.199	0.064	0.080	0.657
0.016	0.920	0.032	0.032
0.935	0.032	0.001	0.032
