>CCAGGTCATAGT	52-ACTATGACCTGG	11.081714	-78.368191	0	T:26.0(0.15%),B:1.1(0.00%),P:1e-34
0.142	0.810	0.047	0.001
0.001	0.952	0.046	0.001
0.763	0.001	0.094	0.142
0.047	0.047	0.764	0.142
0.001	0.236	0.667	0.096
0.047	0.047	0.047	0.859
0.094	0.858	0.047	0.001
0.858	0.094	0.047	0.001
0.096	0.096	0.049	0.759
0.952	0.001	0.046	0.001
0.094	0.001	0.904	0.001
0.094	0.001	0.001	0.904
