>NTCAGTYG	Initiator/Drosophila-Promoters/Homer,BestGuess:Initiator/Drosophila-Promoters/Homer(1.000)	5.468627	-183.234817	0	T:2392.0(32.80%),B:9419.4(23.06%),P:1e-79
0.261	0.230	0.211	0.297
0.001	0.048	0.070	0.881
0.001	0.976	0.022	0.001
0.921	0.001	0.077	0.001
0.085	0.001	0.855	0.059
0.049	0.072	0.001	0.878
0.110	0.471	0.001	0.418
0.156	0.192	0.440	0.212

>CCTTTTATAGNC	TATA-Box(TBP)/Promoter/Homer,BestGuess:TATA-Box(TBP)/Promoter/Homer(1.000)	5.682591	-3.995489e+02	0	124715.9,9565.0,11407.0,1769.0,0.00e+00
0.025	0.606	0.283	0.086
0.006	0.85	0.004	0.14
0.091	0.125	0.001	0.783
0.001	0.048	0.001	0.95
0.297	0.001	0.001	0.701
0.234	0.001	0.001	0.764
0.964	0.034	0.001	0.001
0.351	0.001	0.172	0.476
0.704704704704705	0.00900900900900901	0.285285285285285	0.001001001001001
0.042	0.2	0.716	0.042
0.178178178178178	0.355355355355355	0.328328328328328	0.138138138138138
0.117	0.51	0.304	0.069

>AVYTATCGATAD	DREF/Drosophila-Promoters/Homer,BestGuess:DREF/Drosophila-Promoters/Homer(1.000)	8.904971	-814.422752	0	T:983.0(13.48%),B:1145.0(2.80%),P:1e-353
0.436	0.120	0.216	0.229
0.335	0.208	0.297	0.161
0.230	0.405	0.104	0.261
0.155	0.113	0.017	0.715
0.934	0.012	0.015	0.039
0.004	0.010	0.020	0.966
0.010	0.980	0.001	0.009
0.011	0.005	0.983	0.001
0.954	0.018	0.011	0.017
0.027	0.032	0.007	0.934
0.654	0.019	0.129	0.198
0.290	0.079	0.370	0.261

>CTATAAAAGCSV	TATA-box/Drosophila-Promoters/Homer,BestGuess:TATA-box/Drosophila-Promoters/Homer(1.000)	9.550562	-350.711333	0	T:444.0(6.09%),B:528.4(1.29%),P:1e-152
0.037	0.557	0.405	0.001
0.001	0.001	0.001	0.997
0.997	0.001	0.001	0.001
0.001	0.001	0.001	0.997
0.997	0.001	0.001	0.001
0.713	0.001	0.001	0.285
0.997	0.001	0.001	0.001
0.997	0.001	0.001	0.001
0.279	0.001	0.688	0.032
0.129	0.527	0.280	0.064
0.187	0.426	0.281	0.106
0.224	0.280	0.349	0.147

>AACAGCTGTTHN	E-box/Drosophila-Promoters/Homer,BestGuess:E-box/Drosophila-Promoters/Homer(1.000)	8.214029	-414.770994	0	T:702.0(9.63%),B:1092.8(2.68%),P:1e-180
0.560	0.168	0.225	0.047
0.493	0.117	0.096	0.295
0.021	0.971	0.007	0.001
0.957	0.005	0.003	0.035
0.083	0.011	0.880	0.026
0.068	0.850	0.007	0.075
0.024	0.001	0.003	0.972
0.001	0.001	0.981	0.017
0.304	0.072	0.128	0.496
0.038	0.218	0.145	0.599
0.208	0.254	0.192	0.346
0.244	0.197	0.332	0.226

>GGYCATAAAW	caudal(Homeobox)/Drosophila-Embryos-ChIP-Chip(modEncode)/Homer,BestGuess:caudal(Homeobox)/Drosophila-Embryos-ChIP-Chip(modEncode)/Homer(1.000)	6.748893	-146.466448	0	T:424.0(24.97%),B:5029.1(10.48%),P:1e-63
0.232	0.134	0.474	0.160
0.245	0.148	0.606	0.001
0.022	0.539	0.021	0.418
0.209	0.756	0.028	0.007
0.725	0.021	0.245	0.009
0.001	0.001	0.002	0.996
0.980	0.001	0.012	0.007
0.947	0.001	0.004	0.048
0.954	0.042	0.003	0.001
0.446	0.129	0.121	0.304

>MYGGTCACACTG	Unknown1(NR/Ini-like)/Drosophila-Promoters/Homer,BestGuess:Unknown1(NR/Ini-like)/Drosophila-Promoters/Homer(1.000)	8.105621	-1337.382308	0	T:1187.0(16.28%),B:984.0(2.41%),P:1e-580
0.391	0.262	0.239	0.109
0.048	0.467	0.049	0.436
0.036	0.002	0.935	0.027
0.001	0.001	0.962	0.036
0.001	0.277	0.055	0.667
0.174	0.824	0.001	0.001
0.958	0.017	0.020	0.005
0.001	0.920	0.001	0.078
0.804	0.007	0.008	0.181
0.001	0.889	0.001	0.109
0.038	0.185	0.007	0.770
0.317	0.050	0.518	0.115