>TCGTCTGCTA	1-TCGTCTGCTA	7.504839	-49577.382633	0	T:112080.0(4.81%),B:11000.1(1.60%),P:1e-21531	Tpos:74.8,Tstd:36.6,Bpos:74.8,Bstd:47.2,StrandBias:0.2,Multiplicity:1.03
0.016	0.008	0.025	0.951
0.057	0.884	0.002	0.057
0.001	0.001	0.974	0.024
0.011	0.001	0.011	0.977
0.001	0.997	0.001	0.001
0.001	0.001	0.001	0.997
0.001	0.001	0.997	0.001
0.004	0.994	0.001	0.001
0.056	0.001	0.001	0.942
0.580	0.103	0.078	0.239
>TGTCGTCTGC	2-TGTCGTCTGC	7.607553	-38745.046139	0	T:131961.0(5.66%),B:16408.9(2.39%),P:1e-16826	Tpos:77.7,Tstd:39.4,Bpos:74.5,Bstd:49.7,StrandBias:0.3,Multiplicity:1.02
0.295	0.138	0.118	0.449
0.196	0.098	0.431	0.275
0.129	0.234	0.122	0.515
0.135	0.659	0.112	0.094
0.057	0.050	0.798	0.095
0.192	0.039	0.008	0.761
0.009	0.969	0.014	0.008
0.070	0.016	0.013	0.901
0.050	0.073	0.869	0.008
0.098	0.589	0.064	0.249
>CTAGATGGCG	3-CTAGATGGCG	6.837811	-22308.036737	0	T:169963.0(7.29%),B:29017.4(4.23%),P:1e-9688	Tpos:65.7,Tstd:38.1,Bpos:75.0,Bstd:45.9,StrandBias:0.5,Multiplicity:1.05
0.352	0.545	0.065	0.038
0.191	0.149	0.044	0.616
0.975	0.007	0.001	0.017
0.035	0.044	0.881	0.040
0.815	0.022	0.161	0.002
0.007	0.026	0.100	0.867
0.020	0.009	0.965	0.006
0.033	0.032	0.828	0.107
0.044	0.864	0.021	0.071
0.180	0.032	0.645	0.143
>CAACGTTGCC	4-CAACGTTGCC	7.424149	-20321.978910	0	T:61514.0(2.64%),B:7130.9(1.04%),P:1e-8825	Tpos:65.0,Tstd:35.8,Bpos:74.2,Bstd:48.4,StrandBias:-1.3,Multiplicity:1.02
0.054	0.893	0.052	0.001
0.916	0.017	0.051	0.016
0.777	0.014	0.208	0.001
0.001	0.935	0.026	0.038
0.049	0.001	0.949	0.001
0.013	0.020	0.004	0.963
0.001	0.001	0.001	0.997
0.001	0.001	0.997	0.001
0.001	0.959	0.001	0.039
0.052	0.917	0.009	0.022
>AGCGCCMCCT	5-AGCGCCMCCT	7.656749	-13188.184348	0	T:70920.0(3.04%),B:10665.0(1.55%),P:1e-5727	Tpos:70.1,Tstd:39.5,Bpos:75.0,Bstd:48.7,StrandBias:-0.2,Multiplicity:1.01
0.888	0.071	0.001	0.040
0.287	0.010	0.702	0.001
0.261	0.551	0.044	0.144
0.081	0.001	0.810	0.108
0.252	0.654	0.001	0.093
0.001	0.932	0.066	0.001
0.503	0.404	0.092	0.001
0.001	0.604	0.001	0.394
0.058	0.662	0.114	0.166
0.120	0.001	0.117	0.762
>CCYCTAGCGG	6-CCYCTAGCGG	7.483273	-10289.819088	0	T:37771.0(1.62%),B:4814.2(0.70%),P:1e-4468	Tpos:62.5,Tstd:36.6,Bpos:75.0,Bstd:46.3,StrandBias:-0.6,Multiplicity:1.01
0.216	0.531	0.080	0.173
0.276	0.432	0.210	0.082
0.211	0.400	0.051	0.339
0.061	0.781	0.076	0.082
0.070	0.003	0.071	0.856
0.720	0.037	0.154	0.089
0.106	0.083	0.733	0.078
0.001	0.772	0.097	0.130
0.098	0.039	0.838	0.025
0.115	0.161	0.635	0.089
>AHCTGDCAAM	7-AHCTGDCAAM	6.707665	-10089.917738	0	T:352323.0(15.11%),B:82196.1(11.98%),P:1e-4381	Tpos:74.4,Tstd:40.5,Bpos:75.1,Bstd:45.9,StrandBias:0.1,Multiplicity:1.09
0.614	0.013	0.135	0.238
0.281	0.244	0.151	0.324
0.126	0.463	0.158	0.253
0.001	0.008	0.001	0.990
0.023	0.009	0.891	0.077
0.330	0.001	0.279	0.389
0.001	0.997	0.001	0.001
0.979	0.001	0.019	0.001
0.530	0.010	0.314	0.146
0.361	0.478	0.001	0.160
>CCATGGCTRC	8-CCATGGCTRC	5.747591	-6653.659555	0	T:359839.0(15.43%),B:88054.0(12.83%),P:1e-2889	Tpos:77.7,Tstd:40.4,Bpos:74.7,Bstd:47.3,StrandBias:0.1,Multiplicity:1.17
0.257	0.538	0.012	0.193
0.172	0.701	0.001	0.126
0.964	0.001	0.001	0.034
0.240	0.076	0.011	0.673
0.119	0.002	0.850	0.029
0.018	0.011	0.970	0.001
0.054	0.597	0.089	0.260
0.175	0.206	0.225	0.394
0.378	0.067	0.340	0.215
0.149	0.671	0.056	0.124
>TTCAGTCKTC	9-TTCAGTCKTC	6.524155	-4685.147212	0	T:242282.0(10.39%),B:58738.5(8.56%),P:1e-2034	Tpos:78.1,Tstd:40.8,Bpos:75.1,Bstd:46.6,StrandBias:0.4,Multiplicity:1.06
0.094	0.127	0.100	0.679
0.001	0.001	0.048	0.950
0.001	0.922	0.001	0.076
0.870	0.001	0.107	0.022
0.001	0.118	0.809	0.072
0.272	0.042	0.008	0.678
0.152	0.505	0.058	0.285
0.008	0.088	0.492	0.412
0.086	0.004	0.206	0.704
0.065	0.573	0.306	0.056
>AACAGCTGAT	10-AACAGCTGAT	9.000176	-4623.538232	0	T:21854.0(0.94%),B:3109.3(0.45%),P:1e-2007	Tpos:73.6,Tstd:38.3,Bpos:76.6,Bstd:49.3,StrandBias:-0.1,Multiplicity:1.02
0.798	0.150	0.051	0.001
0.852	0.001	0.001	0.146
0.001	0.997	0.001	0.001
0.997	0.001	0.001	0.001
0.001	0.001	0.997	0.001
0.001	0.997	0.001	0.001
0.001	0.001	0.001	0.997
0.001	0.001	0.997	0.001
0.933	0.001	0.001	0.065
0.001	0.066	0.061	0.872
>DTTGTTAWCA	11-DTTGTTAWCA	4.864556	-4342.387443	0	T:723949.0(31.04%),B:193936.9(28.27%),P:1e-1885	Tpos:65.3,Tstd:40.7,Bpos:75.1,Bstd:39.7,StrandBias:0.2,Multiplicity:1.28
0.299	0.161	0.205	0.335
0.253	0.160	0.103	0.484
0.252	0.141	0.117	0.490
0.236	0.154	0.417	0.192
0.281	0.019	0.078	0.622
0.349	0.048	0.015	0.588
0.606	0.003	0.082	0.309
0.524	0.026	0.013	0.437
0.130	0.474	0.092	0.305
0.511	0.075	0.147	0.267
>CTCCTCCTCC	12-CTCCTCCTCC	6.725235	-3570.497647	0	T:205521.0(8.81%),B:50278.9(7.33%),P:1e-1550	Tpos:73.2,Tstd:40.4,Bpos:74.7,Bstd:48.1,StrandBias:-0.1,Multiplicity:1.15
0.056	0.802	0.025	0.117
0.132	0.088	0.083	0.697
0.041	0.860	0.032	0.067
0.037	0.864	0.034	0.065
0.141	0.076	0.078	0.705
0.043	0.837	0.061	0.059
0.050	0.869	0.026	0.055
0.117	0.097	0.082	0.704
0.070	0.803	0.048	0.079
0.025	0.861	0.030	0.084
>AAANCACGTG	13-AAANCACGTG	6.424112	-3546.595221	0	T:88448.0(3.79%),B:19428.1(2.83%),P:1e-1540	Tpos:75.7,Tstd:41.4,Bpos:75.2,Bstd:46.7,StrandBias:-0.2,Multiplicity:1.02
0.452	0.153	0.150	0.246
0.451	0.112	0.251	0.186
0.406	0.229	0.232	0.133
0.299	0.208	0.205	0.287
0.118	0.774	0.107	0.001
0.858	0.002	0.001	0.139
0.074	0.587	0.244	0.095
0.064	0.236	0.697	0.003
0.089	0.001	0.001	0.909
0.107	0.004	0.593	0.296
>GGGGCTTGGG	14-GGGGCTTGGG	5.034048	-3279.650907	0	T:292391.0(12.54%),B:74455.6(10.85%),P:1e-1424	Tpos:76.3,Tstd:40.3,Bpos:74.9,Bstd:47.4,StrandBias:-0.3,Multiplicity:1.12
0.040	0.155	0.596	0.209
0.129	0.188	0.561	0.122
0.119	0.207	0.593	0.081
0.247	0.156	0.522	0.075
0.204	0.457	0.129	0.210
0.186	0.055	0.056	0.703
0.117	0.111	0.221	0.551
0.023	0.214	0.586	0.177
0.099	0.124	0.697	0.080
0.121	0.054	0.735	0.090
>GTGTTTACGT	15-GTGTTTACGT	8.716572	-3275.673208	0	T:21589.0(0.93%),B:3472.7(0.51%),P:1e-1422	Tpos:74.3,Tstd:40.3,Bpos:74.1,Bstd:45.3,StrandBias:0.5,Multiplicity:1.01
0.069	0.006	0.792	0.133
0.003	0.139	0.006	0.852
0.075	0.065	0.859	0.001
0.001	0.001	0.001	0.997
0.055	0.041	0.001	0.903
0.003	0.017	0.001	0.979
0.918	0.004	0.001	0.077
0.001	0.909	0.076	0.014
0.153	0.001	0.795	0.051
0.009	0.001	0.001	0.989
>AGRGGRWGGG	16-AGRGGRWGGG	6.161583	-2844.878191	0	T:46159.0(1.98%),B:9384.7(1.37%),P:1e-1235	Tpos:67.7,Tstd:39.6,Bpos:74.2,Bstd:44.9,StrandBias:-0.3,Multiplicity:1.02
0.644	0.140	0.112	0.104
0.306	0.088	0.498	0.107
0.300	0.113	0.402	0.185
0.218	0.090	0.476	0.216
0.058	0.143	0.670	0.129
0.367	0.097	0.505	0.031
0.433	0.047	0.099	0.421
0.358	0.036	0.527	0.079
0.051	0.258	0.566	0.125
0.062	0.214	0.506	0.218
>CTGTCTGCTA	17-CTGTCTGCTA	10.296193	-2653.774467	0	T:2980.0(0.13%),B:159.0(0.02%),P:1e-1152	Tpos:72.1,Tstd:35.2,Bpos:70.8,Bstd:45.3,StrandBias:-0.0,Multiplicity:1.00
0.100	0.700	0.100	0.100
0.100	0.100	0.100	0.700
0.100	0.100	0.700	0.100
0.100	0.100	0.100	0.700
0.100	0.700	0.100	0.100
0.100	0.100	0.100	0.700
0.100	0.100	0.700	0.100
0.100	0.700	0.100	0.100
0.100	0.100	0.100	0.700
0.700	0.100	0.100	0.100
>CCATTTTATA	18-CCATTTTATA	7.858514	-2504.536411	0	T:144713.0(6.20%),B:35333.8(5.15%),P:1e-1087	Tpos:69.2,Tstd:41.1,Bpos:74.9,Bstd:40.6,StrandBias:0.0,Multiplicity:1.04
0.043	0.681	0.019	0.257
0.226	0.670	0.052	0.052
0.812	0.042	0.035	0.111
0.081	0.020	0.010	0.889
0.001	0.001	0.001	0.997
0.001	0.001	0.013	0.985
0.001	0.001	0.001	0.997
0.626	0.169	0.160	0.045
0.161	0.113	0.151	0.575
0.762	0.119	0.001	0.118
>GTGTTTAGGG	19-GTGTTTAGGG	10.296193	-2321.970952	0	T:2867.0(0.12%),B:169.1(0.02%),P:1e-1008	Tpos:55.3,Tstd:32.4,Bpos:72.7,Bstd:41.6,StrandBias:2.7,Multiplicity:1.01
0.100	0.100	0.700	0.100
0.100	0.100	0.100	0.700
0.100	0.100	0.700	0.100
0.100	0.100	0.100	0.700
0.100	0.100	0.100	0.700
0.100	0.100	0.100	0.700
0.700	0.100	0.100	0.100
0.100	0.100	0.700	0.100
0.100	0.100	0.700	0.100
0.100	0.100	0.700	0.100
>TWATCGATAY	20-TWATCGATAY	7.919342	-2258.000608	0	T:22698.0(0.97%),B:4134.4(0.60%),P:1e-980	Tpos:62.6,Tstd:37.1,Bpos:75.3,Bstd:40.9,StrandBias:-0.0,Multiplicity:1.05
0.166	0.189	0.165	0.480
0.348	0.001	0.214	0.437
0.672	0.309	0.001	0.018
0.120	0.191	0.130	0.559
0.001	0.997	0.001	0.001
0.265	0.007	0.719	0.009
0.597	0.203	0.199	0.001
0.166	0.001	0.016	0.817
0.796	0.001	0.155	0.048
0.015	0.437	0.198	0.350
>WAAAATATTA	21-WAAAATATTA	9.101524	-1730.265098	0	T:41641.0(1.79%),B:9074.2(1.32%),P:1e-751	Tpos:60.7,Tstd:40.7,Bpos:74.6,Bstd:36.9,StrandBias:-0.2,Multiplicity:1.01
0.353	0.001	0.210	0.436
0.876	0.001	0.033	0.090
0.579	0.001	0.319	0.101
0.720	0.055	0.224	0.001
0.776	0.060	0.001	0.163
0.050	0.034	0.040	0.876
0.758	0.166	0.016	0.060
0.321	0.031	0.108	0.540
0.001	0.155	0.018	0.826
0.524	0.235	0.001	0.240
>CTAAACAGTA	22-CTAAACAGTA	12.901956	-1724.810439	0	T:6333.0(0.27%),B:805.3(0.12%),P:1e-749	Tpos:70.7,Tstd:36.0,Bpos:74.1,Bstd:47.0,StrandBias:-2.0,Multiplicity:1.00
0.001	0.997	0.001	0.001
0.001	0.001	0.001	0.997
0.997	0.001	0.001	0.001
0.997	0.001	0.001	0.001
0.997	0.001	0.001	0.001
0.001	0.997	0.001	0.001
0.997	0.001	0.001	0.001
0.001	0.001	0.997	0.001
0.001	0.393	0.001	0.605
0.997	0.001	0.001	0.001
>AAGAGGCTTC	23-AAGAGGCTTC	10.296193	-1566.215459	0	T:2645.0(0.11%),B:207.1(0.03%),P:1e-680	Tpos:64.2,Tstd:36.6,Bpos:73.1,Bstd:44.6,StrandBias:2.2,Multiplicity:1.00
0.700	0.100	0.100	0.100
0.700	0.100	0.100	0.100
0.100	0.100	0.700	0.100
0.700	0.100	0.100	0.100
0.100	0.100	0.700	0.100
0.100	0.100	0.700	0.100
0.100	0.700	0.100	0.100
0.100	0.100	0.100	0.700
0.100	0.100	0.100	0.700
0.100	0.700	0.100	0.100
>CGGGGTAAGC	24-CGGGGTAAGC	7.404853	-1419.869828	0	T:8577.0(0.37%),B:1338.3(0.20%),P:1e-616	Tpos:77.9,Tstd:40.4,Bpos:75.5,Bstd:46.8,StrandBias:-1.3,Multiplicity:1.05
0.146	0.589	0.042	0.223
0.119	0.222	0.569	0.090
0.166	0.057	0.683	0.094
0.224	0.086	0.604	0.086
0.056	0.249	0.666	0.029
0.208	0.081	0.079	0.632
0.817	0.022	0.095	0.066
0.592	0.101	0.129	0.178
0.148	0.161	0.644	0.047
0.044	0.616	0.324	0.016
>GTGGTAGTGG	25-GTGGTAGTGG	6.047710	-1322.249427	0	T:123390.0(5.29%),B:31364.4(4.57%),P:1e-574	Tpos:79.1,Tstd:40.9,Bpos:75.0,Bstd:51.9,StrandBias:-0.5,Multiplicity:1.13
0.089	0.184	0.574	0.153
0.101	0.146	0.103	0.650
0.157	0.134	0.570	0.139
0.143	0.133	0.575	0.149
0.151	0.099	0.132	0.618
0.508	0.174	0.156	0.162
0.063	0.154	0.685	0.098
0.108	0.122	0.080	0.690
0.163	0.166	0.505	0.166
0.109	0.138	0.620	0.133
