>TAGCAGACGACW	1-TAGCAGACGACW	9.096543	-55687.547457	0	T:102459.0(4.39%),B:8689.6(1.27%),P:1e-24184	Tpos:74.5,Tstd:35.7,Bpos:75.0,Bstd:46.5,StrandBias:-0.2,Multiplicity:1.04
0.241	0.125	0.127	0.507
0.742	0.045	0.041	0.172
0.019	0.004	0.968	0.009
0.001	0.996	0.002	0.001
0.989	0.001	0.004	0.006
0.001	0.002	0.996	0.001
0.896	0.029	0.001	0.074
0.098	0.900	0.001	0.001
0.154	0.028	0.665	0.153
0.686	0.080	0.147	0.087
0.286	0.458	0.024	0.232
0.346	0.150	0.179	0.325
>WAGCAGACGACD	2-WAGCAGACGACD	8.038990	-35626.392559	0	T:141139.0(6.05%),B:18871.0(2.75%),P:1e-15472	Tpos:77.5,Tstd:38.7,Bpos:74.9,Bstd:46.5,StrandBias:-0.0,Multiplicity:1.01
0.282	0.111	0.223	0.384
0.714	0.001	0.001	0.284
0.217	0.073	0.450	0.260
0.001	0.997	0.001	0.001
0.994	0.004	0.001	0.001
0.001	0.001	0.997	0.001
0.612	0.109	0.013	0.266
0.235	0.763	0.001	0.001
0.001	0.162	0.525	0.312
0.728	0.001	0.270	0.001
0.211	0.406	0.153	0.229
0.318	0.154	0.259	0.269
>CGMTAGATGGCG	3-CGMTAGATGGCG	7.345594	-31347.585787	0	T:140362.0(6.02%),B:19787.8(2.88%),P:1e-13613	Tpos:61.3,Tstd:35.7,Bpos:75.3,Bstd:45.4,StrandBias:0.6,Multiplicity:1.06
0.090	0.589	0.075	0.246
0.244	0.226	0.428	0.102
0.326	0.400	0.163	0.111
0.181	0.246	0.062	0.511
0.952	0.026	0.001	0.021
0.004	0.006	0.989	0.001
0.618	0.034	0.323	0.025
0.051	0.018	0.208	0.723
0.048	0.001	0.935	0.016
0.105	0.068	0.673	0.154
0.107	0.735	0.042	0.116
0.223	0.069	0.507	0.201
>GCAACGTTGCCA	4-GCAACGTTGCCA	7.252181	-23292.748124	0	T:118942.0(5.10%),B:17630.8(2.57%),P:1e-10115	Tpos:67.3,Tstd:36.6,Bpos:74.3,Bstd:47.3,StrandBias:-0.7,Multiplicity:1.03
0.253	0.108	0.530	0.109
0.080	0.792	0.059	0.069
0.669	0.050	0.169	0.112
0.625	0.101	0.245	0.029
0.047	0.706	0.100	0.147
0.137	0.026	0.830	0.007
0.066	0.127	0.030	0.777
0.047	0.049	0.009	0.895
0.011	0.044	0.931	0.014
0.034	0.720	0.035	0.211
0.166	0.681	0.073	0.080
0.579	0.097	0.137	0.187
>AATCTGGCAACG	5-AATCTGGCAACG	8.604331	-17636.265240	0	T:50015.0(2.14%),B:5584.5(0.81%),P:1e-7659	Tpos:65.6,Tstd:37.5,Bpos:75.9,Bstd:45.3,StrandBias:1.3,Multiplicity:1.01
0.514	0.061	0.262	0.163
0.859	0.012	0.098	0.031
0.193	0.247	0.093	0.467
0.201	0.479	0.150	0.169
0.057	0.219	0.078	0.646
0.047	0.026	0.823	0.104
0.151	0.007	0.715	0.127
0.004	0.984	0.011	0.001
0.877	0.001	0.046	0.076
0.720	0.014	0.104	0.162
0.075	0.544	0.091	0.290
0.248	0.144	0.405	0.204
>TGTTTABWNNNN	6-TGTTTABWNNNN	6.957038	-9495.434176	0	T:369875.0(15.86%),B:87489.4(12.75%),P:1e-4123	Tpos:72.2,Tstd:40.5,Bpos:74.9,Bstd:42.7,StrandBias:0.3,Multiplicity:1.10
0.001	0.001	0.001	0.997
0.344	0.001	0.654	0.001
0.001	0.004	0.001	0.994
0.001	0.001	0.001	0.997
0.001	0.001	0.409	0.589
0.610	0.001	0.001	0.388
0.001	0.380	0.369	0.251
0.373	0.178	0.220	0.229
0.315	0.183	0.228	0.274
0.257	0.246	0.254	0.244
0.249	0.234	0.207	0.309
0.231	0.234	0.256	0.279
>NKCMGCCATDDT	7-NKCMGCCATDDT	6.463961	-9395.935722	0	T:156856.0(6.73%),B:32299.4(4.71%),P:1e-4080	Tpos:80.1,Tstd:39.6,Bpos:74.9,Bstd:45.6,StrandBias:-0.4,Multiplicity:1.03
0.325	0.200	0.274	0.201
0.218	0.124	0.380	0.278
0.218	0.389	0.165	0.228
0.275	0.361	0.211	0.153
0.137	0.072	0.605	0.186
0.153	0.701	0.087	0.059
0.045	0.908	0.007	0.040
0.817	0.113	0.025	0.045
0.007	0.036	0.006	0.951
0.214	0.151	0.316	0.319
0.241	0.121	0.272	0.366
0.184	0.240	0.121	0.455
>TTYGCCGCTAGG	8-TTYGCCGCTAGG	10.254608	-5962.895158	0	T:12232.0(0.52%),B:1108.9(0.16%),P:1e-2589	Tpos:61.7,Tstd:36.8,Bpos:72.8,Bstd:47.3,StrandBias:1.1,Multiplicity:1.00
0.001	0.294	0.200	0.505
0.001	0.285	0.001	0.713
0.001	0.368	0.132	0.499
0.249	0.120	0.630	0.001
0.005	0.993	0.001	0.001
0.001	0.997	0.001	0.001
0.001	0.001	0.997	0.001
0.001	0.997	0.001	0.001
0.001	0.001	0.001	0.997
0.957	0.001	0.001	0.041
0.001	0.086	0.824	0.089
0.224	0.001	0.613	0.162
>AAACAGCTGATN	9-AAACAGCTGATN	9.912397	-5316.113035	0	T:21583.0(0.93%),B:2877.1(0.42%),P:1e-2308	Tpos:73.6,Tstd:38.4,Bpos:76.6,Bstd:47.0,StrandBias:-0.3,Multiplicity:1.01
0.540	0.033	0.218	0.209
0.595	0.293	0.067	0.045
0.679	0.001	0.159	0.161
0.001	0.994	0.004	0.001
0.886	0.110	0.003	0.001
0.337	0.001	0.649	0.013
0.013	0.918	0.068	0.001
0.001	0.024	0.025	0.950
0.013	0.001	0.985	0.001
0.814	0.001	0.081	0.104
0.001	0.201	0.146	0.652
0.240	0.287	0.170	0.302
>TCAGCTGTCAAA	10-TCAGCTGTCAAA	6.848835	-4193.710256	0	T:133744.0(5.73%),B:30503.9(4.45%),P:1e-1821	Tpos:77.0,Tstd:40.0,Bpos:75.4,Bstd:45.6,StrandBias:0.0,Multiplicity:1.04
0.102	0.108	0.087	0.703
0.075	0.725	0.101	0.099
0.745	0.071	0.081	0.103
0.099	0.099	0.718	0.084
0.085	0.738	0.083	0.094
0.066	0.071	0.068	0.795
0.071	0.066	0.791	0.072
0.083	0.067	0.058	0.792
0.074	0.759	0.070	0.097
0.778	0.070	0.067	0.085
0.723	0.082	0.090	0.105
0.733	0.090	0.088	0.089
>TAGCGCCACCRC	11-TAGCGCCACCRC	8.028541	-3808.056564	0	T:40253.0(1.73%),B:7435.7(1.08%),P:1e-1653	Tpos:69.4,Tstd:38.7,Bpos:74.2,Bstd:49.4,StrandBias:0.2,Multiplicity:1.01
0.101	0.124	0.060	0.715
0.695	0.098	0.206	0.001
0.100	0.001	0.870	0.029
0.031	0.888	0.040	0.041
0.017	0.001	0.963	0.019
0.026	0.880	0.080	0.014
0.054	0.938	0.001	0.007
0.873	0.001	0.085	0.041
0.017	0.689	0.106	0.188
0.195	0.578	0.009	0.218
0.287	0.066	0.433	0.214
0.160	0.625	0.092	0.123
>MTCGATWBNTWR	12-MTCGATWBNTWR	9.045474	-3607.232233	0	T:12893.0(0.55%),B:1618.4(0.24%),P:1e-1566	Tpos:57.9,Tstd:34.4,Bpos:74.9,Bstd:39.2,StrandBias:0.5,Multiplicity:1.07
0.431	0.347	0.031	0.191
0.370	0.028	0.026	0.576
0.046	0.915	0.008	0.031
0.032	0.056	0.848	0.064
0.873	0.022	0.041	0.064
0.045	0.074	0.084	0.797
0.522	0.026	0.022	0.430
0.028	0.302	0.310	0.360
0.228	0.251	0.257	0.264
0.096	0.063	0.145	0.696
0.407	0.239	0.020	0.334
0.461	0.080	0.417	0.041
>AGAAGAGGCTTC	13-AGAAGAGGCTTC	13.333246	-3176.504667	0	T:3437.0(0.15%),B:176.6(0.03%),P:1e-1379	Tpos:60.3,Tstd:33.8,Bpos:76.2,Bstd:43.8,StrandBias:2.6,Multiplicity:1.00
0.997	0.001	0.001	0.001
0.001	0.001	0.997	0.001
0.797	0.001	0.001	0.201
0.997	0.001	0.001	0.001
0.278	0.001	0.648	0.073
0.841	0.001	0.157	0.001
0.001	0.001	0.997	0.001
0.217	0.001	0.781	0.001
0.001	0.796	0.001	0.202
0.001	0.001	0.067	0.931
0.001	0.001	0.001	0.997
0.001	0.796	0.202	0.001
>ATCCCTAAACAC	14-ATCCCTAAACAC	11.888294	-2864.734103	0	T:3318.0(0.14%),B:183.9(0.03%),P:1e-1244	Tpos:55.6,Tstd:32.3,Bpos:69.8,Bstd:41.6,StrandBias:-2.0,Multiplicity:1.04
0.811	0.066	0.051	0.072
0.073	0.003	0.139	0.785
0.027	0.955	0.017	0.001
0.001	0.993	0.005	0.001
0.001	0.991	0.001	0.007
0.001	0.001	0.001	0.997
0.978	0.020	0.001	0.001
0.957	0.001	0.001	0.041
0.997	0.001	0.001	0.001
0.016	0.955	0.001	0.028
0.992	0.001	0.006	0.001
0.011	0.982	0.001	0.006
>DCCTCCTCCTCC	15-DCCTCCTCCTCC	6.314370	-2732.682207	0	T:228059.0(9.78%),B:57661.8(8.40%),P:1e-1186	Tpos:75.1,Tstd:39.9,Bpos:74.8,Bstd:49.4,StrandBias:-0.1,Multiplicity:1.17
0.217	0.174	0.248	0.361
0.057	0.575	0.225	0.143
0.046	0.610	0.058	0.286
0.262	0.050	0.164	0.524
0.060	0.799	0.060	0.081
0.047	0.827	0.052	0.074
0.221	0.097	0.169	0.513
0.061	0.741	0.103	0.095
0.058	0.674	0.082	0.186
0.241	0.111	0.186	0.462
0.090	0.689	0.056	0.165
0.078	0.610	0.152	0.160
>GGAGCKTSGTAN	16-GGAGCKTSGTAN	9.371482	-2630.299382	0	T:9967.0(0.43%),B:1286.7(0.19%),P:1e-1142	Tpos:80.8,Tstd:39.5,Bpos:73.4,Bstd:47.3,StrandBias:-1.8,Multiplicity:1.29
0.001	0.001	0.835	0.163
0.006	0.017	0.976	0.001
0.487	0.001	0.301	0.211
0.008	0.001	0.990	0.001
0.005	0.840	0.062	0.093
0.001	0.210	0.329	0.460
0.001	0.206	0.238	0.555
0.001	0.383	0.453	0.162
0.001	0.088	0.910	0.001
0.082	0.001	0.015	0.902
0.978	0.001	0.020	0.001
0.273	0.313	0.178	0.236
>TGAAAACTGAAA	17-TGAAAACTGAAA	6.956564	-2456.323152	0	T:146053.0(6.26%),B:35760.8(5.21%),P:1e-1066	Tpos:72.8,Tstd:41.2,Bpos:75.3,Bstd:43.3,StrandBias:-0.3,Multiplicity:1.05
0.098	0.101	0.074	0.727
0.090	0.081	0.740	0.089
0.761	0.085	0.074	0.080
0.732	0.092	0.089	0.087
0.723	0.075	0.120	0.082
0.753	0.082	0.077	0.088
0.057	0.786	0.083	0.074
0.084	0.102	0.072	0.742
0.084	0.063	0.789	0.064
0.760	0.087	0.076	0.077
0.735	0.092	0.088	0.085
0.751	0.078	0.097	0.074
>CCAAGGCCAAGA	18-CCAAGGCCAAGA	6.939652	-1966.837070	0	T:66768.0(2.86%),B:15305.8(2.23%),P:1e-854	Tpos:77.7,Tstd:40.0,Bpos:74.7,Bstd:47.9,StrandBias:0.2,Multiplicity:1.03
0.091	0.730	0.085	0.094
0.086	0.747	0.090	0.077
0.763	0.072	0.099	0.066
0.763	0.074	0.078	0.085
0.119	0.067	0.732	0.082
0.096	0.083	0.728	0.093
0.076	0.753	0.084	0.087
0.071	0.789	0.074	0.066
0.756	0.090	0.079	0.075
0.741	0.099	0.074	0.086
0.078	0.088	0.755	0.079
0.742	0.088	0.092	0.078
>GGCAACGTAGCA	19-GGCAACGTAGCA	10.830156	-1859.248579	0	T:4130.0(0.18%),B:395.2(0.06%),P:1e-807	Tpos:75.0,Tstd:38.9,Bpos:71.5,Bstd:45.2,StrandBias:-0.8,Multiplicity:1.00
0.015	0.048	0.855	0.082
0.027	0.067	0.840	0.066
0.047	0.875	0.061	0.017
0.876	0.069	0.033	0.022
0.889	0.020	0.030	0.061
0.063	0.817	0.056	0.064
0.112	0.028	0.795	0.065
0.078	0.106	0.067	0.749
0.733	0.023	0.243	0.001
0.032	0.020	0.892	0.056
0.038	0.780	0.139	0.043
0.955	0.030	0.008	0.007
>GGCGCTAGCGTC	20-GGCGCTAGCGTC	8.143874	-1732.345074	0	T:12852.0(0.55%),B:2146.2(0.31%),P:1e-752	Tpos:73.4,Tstd:39.7,Bpos:73.0,Bstd:48.8,StrandBias:-0.0,Multiplicity:1.02
0.158	0.112	0.632	0.098
0.035	0.134	0.716	0.115
0.091	0.681	0.138	0.090
0.068	0.135	0.669	0.128
0.106	0.667	0.110	0.117
0.140	0.086	0.099	0.675
0.554	0.108	0.148	0.190
0.064	0.139	0.638	0.159
0.155	0.543	0.123	0.179
0.151	0.036	0.705	0.108
0.095	0.036	0.141	0.728
0.047	0.698	0.107	0.148
>WAWTATTATTTW	21-WAWTATTATTTW	8.171803	-1437.209567	0	T:205833.0(8.83%),B:53958.4(7.86%),P:1e-624	Tpos:57.0,Tstd:38.3,Bpos:74.8,Bstd:35.0,StrandBias:0.4,Multiplicity:1.12
0.430	0.070	0.064	0.436
0.736	0.023	0.009	0.232
0.478	0.006	0.040	0.476
0.032	0.009	0.001	0.958
0.715	0.085	0.096	0.104
0.314	0.010	0.061	0.615
0.120	0.008	0.016	0.856
0.851	0.006	0.019	0.124
0.141	0.052	0.052	0.755
0.001	0.118	0.010	0.871
0.193	0.001	0.151	0.655
0.410	0.030	0.070	0.491
>GAGAACCGTTTG	22-GAGAACCGTTTG	15.150048	-942.008554	0	T:464.0(0.02%),B:7.4(0.00%),P:1e-409	Tpos:73.8,Tstd:38.4,Bpos:73.6,Bstd:44.4,StrandBias:1.5,Multiplicity:1.00
0.001	0.001	0.997	0.001
0.997	0.001	0.001	0.001
0.001	0.001	0.997	0.001
0.997	0.001	0.001	0.001
0.997	0.001	0.001	0.001
0.001	0.997	0.001	0.001
0.001	0.997	0.001	0.001
0.001	0.001	0.997	0.001
0.001	0.001	0.001	0.997
0.001	0.001	0.001	0.997
0.001	0.001	0.001	0.997
0.001	0.001	0.764	0.234
>TCGTTCCCATCC	23-TCGTTCCCATCC	13.128714	-858.061941	0	T:491.0(0.02%),B:10.5(0.00%),P:1e-372	Tpos:76.4,Tstd:37.1,Bpos:64.0,Bstd:38.6,StrandBias:1.4,Multiplicity:1.00
0.001	0.001	0.001	0.997
0.001	0.997	0.001	0.001
0.001	0.001	0.997	0.001
0.001	0.001	0.001	0.997
0.001	0.001	0.001	0.997
0.001	0.997	0.001	0.001
0.001	0.997	0.001	0.001
0.001	0.997	0.001	0.001
0.997	0.001	0.001	0.001
0.031	0.001	0.001	0.967
0.001	0.997	0.001	0.001
0.001	0.997	0.001	0.001
>ACGCCCCAATAA	24-ACGCCCCAATAA	12.355432	-753.011870	0	T:275.0(0.01%),B:2.5(0.00%),P:1e-327	Tpos:80.8,Tstd:41.5,Bpos:36.3,Bstd:27.5,StrandBias:0.2,Multiplicity:1.00
0.700	0.100	0.100	0.100
0.100	0.700	0.100	0.100
0.100	0.100	0.700	0.100
0.100	0.700	0.100	0.100
0.100	0.700	0.100	0.100
0.100	0.700	0.100	0.100
0.100	0.700	0.100	0.100
0.700	0.100	0.100	0.100
0.700	0.100	0.100	0.100
0.100	0.100	0.100	0.700
0.700	0.100	0.100	0.100
0.700	0.100	0.100	0.100
>TGCCTAGCAACA	25-TGCCTAGCAACA	12.355432	-637.103161	0	T:390.0(0.02%),B:9.6(0.00%),P:1e-276	Tpos:65.0,Tstd:34.2,Bpos:70.6,Bstd:47.1,StrandBias:-0.6,Multiplicity:1.00
0.100	0.100	0.100	0.700
0.100	0.100	0.700	0.100
0.100	0.700	0.100	0.100
0.100	0.700	0.100	0.100
0.100	0.100	0.100	0.700
0.700	0.100	0.100	0.100
0.100	0.100	0.700	0.100
0.100	0.700	0.100	0.100
0.700	0.100	0.100	0.100
0.700	0.100	0.100	0.100
0.100	0.700	0.100	0.100
0.700	0.100	0.100	0.100
