>TCGTCTGCTA	1-TCGTCTGCTA	7.504839	-49577.382633	0	T:112080.0(4.81%),B:11000.1(1.60%),P:1e-21531	Tpos:74.8,Tstd:36.6,Bpos:74.8,Bstd:47.2,StrandBias:0.2,Multiplicity:1.03
0.016	0.008	0.025	0.951
0.057	0.884	0.002	0.057
0.001	0.001	0.974	0.024
0.011	0.001	0.011	0.977
0.001	0.997	0.001	0.001
0.001	0.001	0.001	0.997
0.001	0.001	0.997	0.001
0.004	0.994	0.001	0.001
0.056	0.001	0.001	0.942
0.580	0.103	0.078	0.239
>TGTCGTCTGC	2-TGTCGTCTGC	7.607553	-38745.046139	0	T:131961.0(5.66%),B:16408.9(2.39%),P:1e-16826	Tpos:77.7,Tstd:39.4,Bpos:74.5,Bstd:49.7,StrandBias:0.3,Multiplicity:1.02
0.295	0.138	0.118	0.449
0.196	0.098	0.431	0.275
0.129	0.234	0.122	0.515
0.135	0.659	0.112	0.094
0.057	0.050	0.798	0.095
0.192	0.039	0.008	0.761
0.009	0.969	0.014	0.008
0.070	0.016	0.013	0.901
0.050	0.073	0.869	0.008
0.098	0.589	0.064	0.249
>CTAGATGGCG	3-CTAGATGGCG	6.837811	-22308.036737	0	T:169963.0(7.29%),B:29017.4(4.23%),P:1e-9688	Tpos:65.7,Tstd:38.1,Bpos:75.0,Bstd:45.9,StrandBias:0.5,Multiplicity:1.05
0.352	0.545	0.065	0.038
0.191	0.149	0.044	0.616
0.975	0.007	0.001	0.017
0.035	0.044	0.881	0.040
0.815	0.022	0.161	0.002
0.007	0.026	0.100	0.867
0.020	0.009	0.965	0.006
0.033	0.032	0.828	0.107
0.044	0.864	0.021	0.071
0.180	0.032	0.645	0.143
>CAACGTTGCC	4-CAACGTTGCC	7.424149	-20321.978910	0	T:61514.0(2.64%),B:7130.9(1.04%),P:1e-8825	Tpos:65.0,Tstd:35.8,Bpos:74.2,Bstd:48.4,StrandBias:-1.3,Multiplicity:1.02
0.054	0.893	0.052	0.001
0.916	0.017	0.051	0.016
0.777	0.014	0.208	0.001
0.001	0.935	0.026	0.038
0.049	0.001	0.949	0.001
0.013	0.020	0.004	0.963
0.001	0.001	0.001	0.997
0.001	0.001	0.997	0.001
0.001	0.959	0.001	0.039
0.052	0.917	0.009	0.022
>AGCGCCMCCT	5-AGCGCCMCCT	7.656749	-13188.184348	0	T:70920.0(3.04%),B:10665.0(1.55%),P:1e-5727	Tpos:70.1,Tstd:39.5,Bpos:75.0,Bstd:48.7,StrandBias:-0.2,Multiplicity:1.01
0.888	0.071	0.001	0.040
0.287	0.010	0.702	0.001
0.261	0.551	0.044	0.144
0.081	0.001	0.810	0.108
0.252	0.654	0.001	0.093
0.001	0.932	0.066	0.001
0.503	0.404	0.092	0.001
0.001	0.604	0.001	0.394
0.058	0.662	0.114	0.166
0.120	0.001	0.117	0.762
>CCYCTAGCGG	6-CCYCTAGCGG	7.483273	-10289.819088	0	T:37771.0(1.62%),B:4814.2(0.70%),P:1e-4468	Tpos:62.5,Tstd:36.6,Bpos:75.0,Bstd:46.3,StrandBias:-0.6,Multiplicity:1.01
0.216	0.531	0.080	0.173
0.276	0.432	0.210	0.082
0.211	0.400	0.051	0.339
0.061	0.781	0.076	0.082
0.070	0.003	0.071	0.856
0.720	0.037	0.154	0.089
0.106	0.083	0.733	0.078
0.001	0.772	0.097	0.130
0.098	0.039	0.838	0.025
0.115	0.161	0.635	0.089
>AHCTGDCAAM	7-AHCTGDCAAM	6.707665	-10089.917738	0	T:352323.0(15.11%),B:82196.1(11.98%),P:1e-4381	Tpos:74.4,Tstd:40.5,Bpos:75.1,Bstd:45.9,StrandBias:0.1,Multiplicity:1.09
0.614	0.013	0.135	0.238
0.281	0.244	0.151	0.324
0.126	0.463	0.158	0.253
0.001	0.008	0.001	0.990
0.023	0.009	0.891	0.077
0.330	0.001	0.279	0.389
0.001	0.997	0.001	0.001
0.979	0.001	0.019	0.001
0.530	0.010	0.314	0.146
0.361	0.478	0.001	0.160
>CCATGGCTRC	8-CCATGGCTRC	5.747591	-6653.659555	0	T:359839.0(15.43%),B:88054.0(12.83%),P:1e-2889	Tpos:77.7,Tstd:40.4,Bpos:74.7,Bstd:47.3,StrandBias:0.1,Multiplicity:1.17
0.257	0.538	0.012	0.193
0.172	0.701	0.001	0.126
0.964	0.001	0.001	0.034
0.240	0.076	0.011	0.673
0.119	0.002	0.850	0.029
0.018	0.011	0.970	0.001
0.054	0.597	0.089	0.260
0.175	0.206	0.225	0.394
0.378	0.067	0.340	0.215
0.149	0.671	0.056	0.124
>TTCAGTCKTC	9-TTCAGTCKTC	6.524155	-4685.147212	0	T:242282.0(10.39%),B:58738.5(8.56%),P:1e-2034	Tpos:78.1,Tstd:40.8,Bpos:75.1,Bstd:46.6,StrandBias:0.4,Multiplicity:1.06
0.094	0.127	0.100	0.679
0.001	0.001	0.048	0.950
0.001	0.922	0.001	0.076
0.870	0.001	0.107	0.022
0.001	0.118	0.809	0.072
0.272	0.042	0.008	0.678
0.152	0.505	0.058	0.285
0.008	0.088	0.492	0.412
0.086	0.004	0.206	0.704
0.065	0.573	0.306	0.056
>AACAGCTGAT	10-AACAGCTGAT	9.000176	-4623.538232	0	T:21854.0(0.94%),B:3109.3(0.45%),P:1e-2007	Tpos:73.6,Tstd:38.3,Bpos:76.6,Bstd:49.3,StrandBias:-0.1,Multiplicity:1.02
0.798	0.150	0.051	0.001
0.852	0.001	0.001	0.146
0.001	0.997	0.001	0.001
0.997	0.001	0.001	0.001
0.001	0.001	0.997	0.001
0.001	0.997	0.001	0.001
0.001	0.001	0.001	0.997
0.001	0.001	0.997	0.001
0.933	0.001	0.001	0.065
0.001	0.066	0.061	0.872
>DTTGTTAWCA	11-DTTGTTAWCA	4.864556	-4342.387443	0	T:723949.0(31.04%),B:193936.9(28.27%),P:1e-1885	Tpos:65.3,Tstd:40.7,Bpos:75.1,Bstd:39.7,StrandBias:0.2,Multiplicity:1.28
0.299	0.161	0.205	0.335
0.253	0.160	0.103	0.484
0.252	0.141	0.117	0.490
0.236	0.154	0.417	0.192
0.281	0.019	0.078	0.622
0.349	0.048	0.015	0.588
0.606	0.003	0.082	0.309
0.524	0.026	0.013	0.437
0.130	0.474	0.092	0.305
0.511	0.075	0.147	0.267
>CTCCTCCTCC	12-CTCCTCCTCC	6.725235	-3570.497647	0	T:205521.0(8.81%),B:50278.9(7.33%),P:1e-1550	Tpos:73.2,Tstd:40.4,Bpos:74.7,Bstd:48.1,StrandBias:-0.1,Multiplicity:1.15
0.056	0.802	0.025	0.117
0.132	0.088	0.083	0.697
0.041	0.860	0.032	0.067
0.037	0.864	0.034	0.065
0.141	0.076	0.078	0.705
0.043	0.837	0.061	0.059
0.050	0.869	0.026	0.055
0.117	0.097	0.082	0.704
0.070	0.803	0.048	0.079
0.025	0.861	0.030	0.084
>AAANCACGTG	13-AAANCACGTG	6.424112	-3546.595221	0	T:88448.0(3.79%),B:19428.1(2.83%),P:1e-1540	Tpos:75.7,Tstd:41.4,Bpos:75.2,Bstd:46.7,StrandBias:-0.2,Multiplicity:1.02
0.452	0.153	0.150	0.246
0.451	0.112	0.251	0.186
0.406	0.229	0.232	0.133
0.299	0.208	0.205	0.287
0.118	0.774	0.107	0.001
0.858	0.002	0.001	0.139
0.074	0.587	0.244	0.095
0.064	0.236	0.697	0.003
0.089	0.001	0.001	0.909
0.107	0.004	0.593	0.296
>GGGGCTTGGG	14-GGGGCTTGGG	5.034048	-3279.650907	0	T:292391.0(12.54%),B:74455.6(10.85%),P:1e-1424	Tpos:76.3,Tstd:40.3,Bpos:74.9,Bstd:47.4,StrandBias:-0.3,Multiplicity:1.12
0.040	0.155	0.596	0.209
0.129	0.188	0.561	0.122
0.119	0.207	0.593	0.081
0.247	0.156	0.522	0.075
0.204	0.457	0.129	0.210
0.186	0.055	0.056	0.703
0.117	0.111	0.221	0.551
0.023	0.214	0.586	0.177
0.099	0.124	0.697	0.080
0.121	0.054	0.735	0.090
>GTGTTTACGT	15-GTGTTTACGT	8.716572	-3275.673208	0	T:21589.0(0.93%),B:3472.7(0.51%),P:1e-1422	Tpos:74.3,Tstd:40.3,Bpos:74.1,Bstd:45.3,StrandBias:0.5,Multiplicity:1.01
0.069	0.006	0.792	0.133
0.003	0.139	0.006	0.852
0.075	0.065	0.859	0.001
0.001	0.001	0.001	0.997
0.055	0.041	0.001	0.903
0.003	0.017	0.001	0.979
0.918	0.004	0.001	0.077
0.001	0.909	0.076	0.014
0.153	0.001	0.795	0.051
0.009	0.001	0.001	0.989
>AGRGGRWGGG	16-AGRGGRWGGG	6.161583	-2844.878191	0	T:46159.0(1.98%),B:9384.7(1.37%),P:1e-1235	Tpos:67.7,Tstd:39.6,Bpos:74.2,Bstd:44.9,StrandBias:-0.3,Multiplicity:1.02
0.644	0.140	0.112	0.104
0.306	0.088	0.498	0.107
0.300	0.113	0.402	0.185
0.218	0.090	0.476	0.216
0.058	0.143	0.670	0.129
0.367	0.097	0.505	0.031
0.433	0.047	0.099	0.421
0.358	0.036	0.527	0.079
0.051	0.258	0.566	0.125
0.062	0.214	0.506	0.218
>CTGTCTGCTA	17-CTGTCTGCTA	10.296193	-2653.774467	0	T:2980.0(0.13%),B:159.0(0.02%),P:1e-1152	Tpos:72.1,Tstd:35.2,Bpos:70.8,Bstd:45.3,StrandBias:-0.0,Multiplicity:1.00
0.100	0.700	0.100	0.100
0.100	0.100	0.100	0.700
0.100	0.100	0.700	0.100
0.100	0.100	0.100	0.700
0.100	0.700	0.100	0.100
0.100	0.100	0.100	0.700
0.100	0.100	0.700	0.100
0.100	0.700	0.100	0.100
0.100	0.100	0.100	0.700
0.700	0.100	0.100	0.100
>CCATTTTATA	18-CCATTTTATA	7.858514	-2504.536411	0	T:144713.0(6.20%),B:35333.8(5.15%),P:1e-1087	Tpos:69.2,Tstd:41.1,Bpos:74.9,Bstd:40.6,StrandBias:0.0,Multiplicity:1.04
0.043	0.681	0.019	0.257
0.226	0.670	0.052	0.052
0.812	0.042	0.035	0.111
0.081	0.020	0.010	0.889
0.001	0.001	0.001	0.997
0.001	0.001	0.013	0.985
0.001	0.001	0.001	0.997
0.626	0.169	0.160	0.045
0.161	0.113	0.151	0.575
0.762	0.119	0.001	0.118
>GTGTTTAGGG	19-GTGTTTAGGG	10.296193	-2321.970952	0	T:2867.0(0.12%),B:169.1(0.02%),P:1e-1008	Tpos:55.3,Tstd:32.4,Bpos:72.7,Bstd:41.6,StrandBias:2.7,Multiplicity:1.01
0.100	0.100	0.700	0.100
0.100	0.100	0.100	0.700
0.100	0.100	0.700	0.100
0.100	0.100	0.100	0.700
0.100	0.100	0.100	0.700
0.100	0.100	0.100	0.700
0.700	0.100	0.100	0.100
0.100	0.100	0.700	0.100
0.100	0.100	0.700	0.100
0.100	0.100	0.700	0.100
>TWATCGATAY	20-TWATCGATAY	7.919342	-2258.000608	0	T:22698.0(0.97%),B:4134.4(0.60%),P:1e-980	Tpos:62.6,Tstd:37.1,Bpos:75.3,Bstd:40.9,StrandBias:-0.0,Multiplicity:1.05
0.166	0.189	0.165	0.480
0.348	0.001	0.214	0.437
0.672	0.309	0.001	0.018
0.120	0.191	0.130	0.559
0.001	0.997	0.001	0.001
0.265	0.007	0.719	0.009
0.597	0.203	0.199	0.001
0.166	0.001	0.016	0.817
0.796	0.001	0.155	0.048
0.015	0.437	0.198	0.350
>WAAAATATTA	21-WAAAATATTA	9.101524	-1730.265098	0	T:41641.0(1.79%),B:9074.2(1.32%),P:1e-751	Tpos:60.7,Tstd:40.7,Bpos:74.6,Bstd:36.9,StrandBias:-0.2,Multiplicity:1.01
0.353	0.001	0.210	0.436
0.876	0.001	0.033	0.090
0.579	0.001	0.319	0.101
0.720	0.055	0.224	0.001
0.776	0.060	0.001	0.163
0.050	0.034	0.040	0.876
0.758	0.166	0.016	0.060
0.321	0.031	0.108	0.540
0.001	0.155	0.018	0.826
0.524	0.235	0.001	0.240
>CTAAACAGTA	22-CTAAACAGTA	12.901956	-1724.810439	0	T:6333.0(0.27%),B:805.3(0.12%),P:1e-749	Tpos:70.7,Tstd:36.0,Bpos:74.1,Bstd:47.0,StrandBias:-2.0,Multiplicity:1.00
0.001	0.997	0.001	0.001
0.001	0.001	0.001	0.997
0.997	0.001	0.001	0.001
0.997	0.001	0.001	0.001
0.997	0.001	0.001	0.001
0.001	0.997	0.001	0.001
0.997	0.001	0.001	0.001
0.001	0.001	0.997	0.001
0.001	0.393	0.001	0.605
0.997	0.001	0.001	0.001
>AAGAGGCTTC	23-AAGAGGCTTC	10.296193	-1566.215459	0	T:2645.0(0.11%),B:207.1(0.03%),P:1e-680	Tpos:64.2,Tstd:36.6,Bpos:73.1,Bstd:44.6,StrandBias:2.2,Multiplicity:1.00
0.700	0.100	0.100	0.100
0.700	0.100	0.100	0.100
0.100	0.100	0.700	0.100
0.700	0.100	0.100	0.100
0.100	0.100	0.700	0.100
0.100	0.100	0.700	0.100
0.100	0.700	0.100	0.100
0.100	0.100	0.100	0.700
0.100	0.100	0.100	0.700
0.100	0.700	0.100	0.100
>CGGGGTAAGC	24-CGGGGTAAGC	7.404853	-1419.869828	0	T:8577.0(0.37%),B:1338.3(0.20%),P:1e-616	Tpos:77.9,Tstd:40.4,Bpos:75.5,Bstd:46.8,StrandBias:-1.3,Multiplicity:1.05
0.146	0.589	0.042	0.223
0.119	0.222	0.569	0.090
0.166	0.057	0.683	0.094
0.224	0.086	0.604	0.086
0.056	0.249	0.666	0.029
0.208	0.081	0.079	0.632
0.817	0.022	0.095	0.066
0.592	0.101	0.129	0.178
0.148	0.161	0.644	0.047
0.044	0.616	0.324	0.016
>GTGGTAGTGG	25-GTGGTAGTGG	6.047710	-1322.249427	0	T:123390.0(5.29%),B:31364.4(4.57%),P:1e-574	Tpos:79.1,Tstd:40.9,Bpos:75.0,Bstd:51.9,StrandBias:-0.5,Multiplicity:1.13
0.089	0.184	0.574	0.153
0.101	0.146	0.103	0.650
0.157	0.134	0.570	0.139
0.143	0.133	0.575	0.149
0.151	0.099	0.132	0.618
0.508	0.174	0.156	0.162
0.063	0.154	0.685	0.098
0.108	0.122	0.080	0.690
0.163	0.166	0.505	0.166
0.109	0.138	0.620	0.133
>TAGCAGACGACW	1-TAGCAGACGACW	9.096543	-55687.547457	0	T:102459.0(4.39%),B:8689.6(1.27%),P:1e-24184	Tpos:74.5,Tstd:35.7,Bpos:75.0,Bstd:46.5,StrandBias:-0.2,Multiplicity:1.04
0.241	0.125	0.127	0.507
0.742	0.045	0.041	0.172
0.019	0.004	0.968	0.009
0.001	0.996	0.002	0.001
0.989	0.001	0.004	0.006
0.001	0.002	0.996	0.001
0.896	0.029	0.001	0.074
0.098	0.900	0.001	0.001
0.154	0.028	0.665	0.153
0.686	0.080	0.147	0.087
0.286	0.458	0.024	0.232
0.346	0.150	0.179	0.325
>WAGCAGACGACD	2-WAGCAGACGACD	8.038990	-35626.392559	0	T:141139.0(6.05%),B:18871.0(2.75%),P:1e-15472	Tpos:77.5,Tstd:38.7,Bpos:74.9,Bstd:46.5,StrandBias:-0.0,Multiplicity:1.01
0.282	0.111	0.223	0.384
0.714	0.001	0.001	0.284
0.217	0.073	0.450	0.260
0.001	0.997	0.001	0.001
0.994	0.004	0.001	0.001
0.001	0.001	0.997	0.001
0.612	0.109	0.013	0.266
0.235	0.763	0.001	0.001
0.001	0.162	0.525	0.312
0.728	0.001	0.270	0.001
0.211	0.406	0.153	0.229
0.318	0.154	0.259	0.269
>CGMTAGATGGCG	3-CGMTAGATGGCG	7.345594	-31347.585787	0	T:140362.0(6.02%),B:19787.8(2.88%),P:1e-13613	Tpos:61.3,Tstd:35.7,Bpos:75.3,Bstd:45.4,StrandBias:0.6,Multiplicity:1.06
0.090	0.589	0.075	0.246
0.244	0.226	0.428	0.102
0.326	0.400	0.163	0.111
0.181	0.246	0.062	0.511
0.952	0.026	0.001	0.021
0.004	0.006	0.989	0.001
0.618	0.034	0.323	0.025
0.051	0.018	0.208	0.723
0.048	0.001	0.935	0.016
0.105	0.068	0.673	0.154
0.107	0.735	0.042	0.116
0.223	0.069	0.507	0.201
>GCAACGTTGCCA	4-GCAACGTTGCCA	7.252181	-23292.748124	0	T:118942.0(5.10%),B:17630.8(2.57%),P:1e-10115	Tpos:67.3,Tstd:36.6,Bpos:74.3,Bstd:47.3,StrandBias:-0.7,Multiplicity:1.03
0.253	0.108	0.530	0.109
0.080	0.792	0.059	0.069
0.669	0.050	0.169	0.112
0.625	0.101	0.245	0.029
0.047	0.706	0.100	0.147
0.137	0.026	0.830	0.007
0.066	0.127	0.030	0.777
0.047	0.049	0.009	0.895
0.011	0.044	0.931	0.014
0.034	0.720	0.035	0.211
0.166	0.681	0.073	0.080
0.579	0.097	0.137	0.187
>AATCTGGCAACG	5-AATCTGGCAACG	8.604331	-17636.265240	0	T:50015.0(2.14%),B:5584.5(0.81%),P:1e-7659	Tpos:65.6,Tstd:37.5,Bpos:75.9,Bstd:45.3,StrandBias:1.3,Multiplicity:1.01
0.514	0.061	0.262	0.163
0.859	0.012	0.098	0.031
0.193	0.247	0.093	0.467
0.201	0.479	0.150	0.169
0.057	0.219	0.078	0.646
0.047	0.026	0.823	0.104
0.151	0.007	0.715	0.127
0.004	0.984	0.011	0.001
0.877	0.001	0.046	0.076
0.720	0.014	0.104	0.162
0.075	0.544	0.091	0.290
0.248	0.144	0.405	0.204
>TGTTTABWNNNN	6-TGTTTABWNNNN	6.957038	-9495.434176	0	T:369875.0(15.86%),B:87489.4(12.75%),P:1e-4123	Tpos:72.2,Tstd:40.5,Bpos:74.9,Bstd:42.7,StrandBias:0.3,Multiplicity:1.10
0.001	0.001	0.001	0.997
0.344	0.001	0.654	0.001
0.001	0.004	0.001	0.994
0.001	0.001	0.001	0.997
0.001	0.001	0.409	0.589
0.610	0.001	0.001	0.388
0.001	0.380	0.369	0.251
0.373	0.178	0.220	0.229
0.315	0.183	0.228	0.274
0.257	0.246	0.254	0.244
0.249	0.234	0.207	0.309
0.231	0.234	0.256	0.279
>NKCMGCCATDDT	7-NKCMGCCATDDT	6.463961	-9395.935722	0	T:156856.0(6.73%),B:32299.4(4.71%),P:1e-4080	Tpos:80.1,Tstd:39.6,Bpos:74.9,Bstd:45.6,StrandBias:-0.4,Multiplicity:1.03
0.325	0.200	0.274	0.201
0.218	0.124	0.380	0.278
0.218	0.389	0.165	0.228
0.275	0.361	0.211	0.153
0.137	0.072	0.605	0.186
0.153	0.701	0.087	0.059
0.045	0.908	0.007	0.040
0.817	0.113	0.025	0.045
0.007	0.036	0.006	0.951
0.214	0.151	0.316	0.319
0.241	0.121	0.272	0.366
0.184	0.240	0.121	0.455
>TTYGCCGCTAGG	8-TTYGCCGCTAGG	10.254608	-5962.895158	0	T:12232.0(0.52%),B:1108.9(0.16%),P:1e-2589	Tpos:61.7,Tstd:36.8,Bpos:72.8,Bstd:47.3,StrandBias:1.1,Multiplicity:1.00
0.001	0.294	0.200	0.505
0.001	0.285	0.001	0.713
0.001	0.368	0.132	0.499
0.249	0.120	0.630	0.001
0.005	0.993	0.001	0.001
0.001	0.997	0.001	0.001
0.001	0.001	0.997	0.001
0.001	0.997	0.001	0.001
0.001	0.001	0.001	0.997
0.957	0.001	0.001	0.041
0.001	0.086	0.824	0.089
0.224	0.001	0.613	0.162
>AAACAGCTGATN	9-AAACAGCTGATN	9.912397	-5316.113035	0	T:21583.0(0.93%),B:2877.1(0.42%),P:1e-2308	Tpos:73.6,Tstd:38.4,Bpos:76.6,Bstd:47.0,StrandBias:-0.3,Multiplicity:1.01
0.540	0.033	0.218	0.209
0.595	0.293	0.067	0.045
0.679	0.001	0.159	0.161
0.001	0.994	0.004	0.001
0.886	0.110	0.003	0.001
0.337	0.001	0.649	0.013
0.013	0.918	0.068	0.001
0.001	0.024	0.025	0.950
0.013	0.001	0.985	0.001
0.814	0.001	0.081	0.104
0.001	0.201	0.146	0.652
0.240	0.287	0.170	0.302
>TCAGCTGTCAAA	10-TCAGCTGTCAAA	6.848835	-4193.710256	0	T:133744.0(5.73%),B:30503.9(4.45%),P:1e-1821	Tpos:77.0,Tstd:40.0,Bpos:75.4,Bstd:45.6,StrandBias:0.0,Multiplicity:1.04
0.102	0.108	0.087	0.703
0.075	0.725	0.101	0.099
0.745	0.071	0.081	0.103
0.099	0.099	0.718	0.084
0.085	0.738	0.083	0.094
0.066	0.071	0.068	0.795
0.071	0.066	0.791	0.072
0.083	0.067	0.058	0.792
0.074	0.759	0.070	0.097
0.778	0.070	0.067	0.085
0.723	0.082	0.090	0.105
0.733	0.090	0.088	0.089
>TAGCGCCACCRC	11-TAGCGCCACCRC	8.028541	-3808.056564	0	T:40253.0(1.73%),B:7435.7(1.08%),P:1e-1653	Tpos:69.4,Tstd:38.7,Bpos:74.2,Bstd:49.4,StrandBias:0.2,Multiplicity:1.01
0.101	0.124	0.060	0.715
0.695	0.098	0.206	0.001
0.100	0.001	0.870	0.029
0.031	0.888	0.040	0.041
0.017	0.001	0.963	0.019
0.026	0.880	0.080	0.014
0.054	0.938	0.001	0.007
0.873	0.001	0.085	0.041
0.017	0.689	0.106	0.188
0.195	0.578	0.009	0.218
0.287	0.066	0.433	0.214
0.160	0.625	0.092	0.123
>MTCGATWBNTWR	12-MTCGATWBNTWR	9.045474	-3607.232233	0	T:12893.0(0.55%),B:1618.4(0.24%),P:1e-1566	Tpos:57.9,Tstd:34.4,Bpos:74.9,Bstd:39.2,StrandBias:0.5,Multiplicity:1.07
0.431	0.347	0.031	0.191
0.370	0.028	0.026	0.576
0.046	0.915	0.008	0.031
0.032	0.056	0.848	0.064
0.873	0.022	0.041	0.064
0.045	0.074	0.084	0.797
0.522	0.026	0.022	0.430
0.028	0.302	0.310	0.360
0.228	0.251	0.257	0.264
0.096	0.063	0.145	0.696
0.407	0.239	0.020	0.334
0.461	0.080	0.417	0.041
>AGAAGAGGCTTC	13-AGAAGAGGCTTC	13.333246	-3176.504667	0	T:3437.0(0.15%),B:176.6(0.03%),P:1e-1379	Tpos:60.3,Tstd:33.8,Bpos:76.2,Bstd:43.8,StrandBias:2.6,Multiplicity:1.00
0.997	0.001	0.001	0.001
0.001	0.001	0.997	0.001
0.797	0.001	0.001	0.201
0.997	0.001	0.001	0.001
0.278	0.001	0.648	0.073
0.841	0.001	0.157	0.001
0.001	0.001	0.997	0.001
0.217	0.001	0.781	0.001
0.001	0.796	0.001	0.202
0.001	0.001	0.067	0.931
0.001	0.001	0.001	0.997
0.001	0.796	0.202	0.001
>ATCCCTAAACAC	14-ATCCCTAAACAC	11.888294	-2864.734103	0	T:3318.0(0.14%),B:183.9(0.03%),P:1e-1244	Tpos:55.6,Tstd:32.3,Bpos:69.8,Bstd:41.6,StrandBias:-2.0,Multiplicity:1.04
0.811	0.066	0.051	0.072
0.073	0.003	0.139	0.785
0.027	0.955	0.017	0.001
0.001	0.993	0.005	0.001
0.001	0.991	0.001	0.007
0.001	0.001	0.001	0.997
0.978	0.020	0.001	0.001
0.957	0.001	0.001	0.041
0.997	0.001	0.001	0.001
0.016	0.955	0.001	0.028
0.992	0.001	0.006	0.001
0.011	0.982	0.001	0.006
>DCCTCCTCCTCC	15-DCCTCCTCCTCC	6.314370	-2732.682207	0	T:228059.0(9.78%),B:57661.8(8.40%),P:1e-1186	Tpos:75.1,Tstd:39.9,Bpos:74.8,Bstd:49.4,StrandBias:-0.1,Multiplicity:1.17
0.217	0.174	0.248	0.361
0.057	0.575	0.225	0.143
0.046	0.610	0.058	0.286
0.262	0.050	0.164	0.524
0.060	0.799	0.060	0.081
0.047	0.827	0.052	0.074
0.221	0.097	0.169	0.513
0.061	0.741	0.103	0.095
0.058	0.674	0.082	0.186
0.241	0.111	0.186	0.462
0.090	0.689	0.056	0.165
0.078	0.610	0.152	0.160
>GGAGCKTSGTAN	16-GGAGCKTSGTAN	9.371482	-2630.299382	0	T:9967.0(0.43%),B:1286.7(0.19%),P:1e-1142	Tpos:80.8,Tstd:39.5,Bpos:73.4,Bstd:47.3,StrandBias:-1.8,Multiplicity:1.29
0.001	0.001	0.835	0.163
0.006	0.017	0.976	0.001
0.487	0.001	0.301	0.211
0.008	0.001	0.990	0.001
0.005	0.840	0.062	0.093
0.001	0.210	0.329	0.460
0.001	0.206	0.238	0.555
0.001	0.383	0.453	0.162
0.001	0.088	0.910	0.001
0.082	0.001	0.015	0.902
0.978	0.001	0.020	0.001
0.273	0.313	0.178	0.236
>TGAAAACTGAAA	17-TGAAAACTGAAA	6.956564	-2456.323152	0	T:146053.0(6.26%),B:35760.8(5.21%),P:1e-1066	Tpos:72.8,Tstd:41.2,Bpos:75.3,Bstd:43.3,StrandBias:-0.3,Multiplicity:1.05
0.098	0.101	0.074	0.727
0.090	0.081	0.740	0.089
0.761	0.085	0.074	0.080
0.732	0.092	0.089	0.087
0.723	0.075	0.120	0.082
0.753	0.082	0.077	0.088
0.057	0.786	0.083	0.074
0.084	0.102	0.072	0.742
0.084	0.063	0.789	0.064
0.760	0.087	0.076	0.077
0.735	0.092	0.088	0.085
0.751	0.078	0.097	0.074
>CCAAGGCCAAGA	18-CCAAGGCCAAGA	6.939652	-1966.837070	0	T:66768.0(2.86%),B:15305.8(2.23%),P:1e-854	Tpos:77.7,Tstd:40.0,Bpos:74.7,Bstd:47.9,StrandBias:0.2,Multiplicity:1.03
0.091	0.730	0.085	0.094
0.086	0.747	0.090	0.077
0.763	0.072	0.099	0.066
0.763	0.074	0.078	0.085
0.119	0.067	0.732	0.082
0.096	0.083	0.728	0.093
0.076	0.753	0.084	0.087
0.071	0.789	0.074	0.066
0.756	0.090	0.079	0.075
0.741	0.099	0.074	0.086
0.078	0.088	0.755	0.079
0.742	0.088	0.092	0.078
>GGCAACGTAGCA	19-GGCAACGTAGCA	10.830156	-1859.248579	0	T:4130.0(0.18%),B:395.2(0.06%),P:1e-807	Tpos:75.0,Tstd:38.9,Bpos:71.5,Bstd:45.2,StrandBias:-0.8,Multiplicity:1.00
0.015	0.048	0.855	0.082
0.027	0.067	0.840	0.066
0.047	0.875	0.061	0.017
0.876	0.069	0.033	0.022
0.889	0.020	0.030	0.061
0.063	0.817	0.056	0.064
0.112	0.028	0.795	0.065
0.078	0.106	0.067	0.749
0.733	0.023	0.243	0.001
0.032	0.020	0.892	0.056
0.038	0.780	0.139	0.043
0.955	0.030	0.008	0.007
>GGCGCTAGCGTC	20-GGCGCTAGCGTC	8.143874	-1732.345074	0	T:12852.0(0.55%),B:2146.2(0.31%),P:1e-752	Tpos:73.4,Tstd:39.7,Bpos:73.0,Bstd:48.8,StrandBias:-0.0,Multiplicity:1.02
0.158	0.112	0.632	0.098
0.035	0.134	0.716	0.115
0.091	0.681	0.138	0.090
0.068	0.135	0.669	0.128
0.106	0.667	0.110	0.117
0.140	0.086	0.099	0.675
0.554	0.108	0.148	0.190
0.064	0.139	0.638	0.159
0.155	0.543	0.123	0.179
0.151	0.036	0.705	0.108
0.095	0.036	0.141	0.728
0.047	0.698	0.107	0.148
>WAWTATTATTTW	21-WAWTATTATTTW	8.171803	-1437.209567	0	T:205833.0(8.83%),B:53958.4(7.86%),P:1e-624	Tpos:57.0,Tstd:38.3,Bpos:74.8,Bstd:35.0,StrandBias:0.4,Multiplicity:1.12
0.430	0.070	0.064	0.436
0.736	0.023	0.009	0.232
0.478	0.006	0.040	0.476
0.032	0.009	0.001	0.958
0.715	0.085	0.096	0.104
0.314	0.010	0.061	0.615
0.120	0.008	0.016	0.856
0.851	0.006	0.019	0.124
0.141	0.052	0.052	0.755
0.001	0.118	0.010	0.871
0.193	0.001	0.151	0.655
0.410	0.030	0.070	0.491
>GAGAACCGTTTG	22-GAGAACCGTTTG	15.150048	-942.008554	0	T:464.0(0.02%),B:7.4(0.00%),P:1e-409	Tpos:73.8,Tstd:38.4,Bpos:73.6,Bstd:44.4,StrandBias:1.5,Multiplicity:1.00
0.001	0.001	0.997	0.001
0.997	0.001	0.001	0.001
0.001	0.001	0.997	0.001
0.997	0.001	0.001	0.001
0.997	0.001	0.001	0.001
0.001	0.997	0.001	0.001
0.001	0.997	0.001	0.001
0.001	0.001	0.997	0.001
0.001	0.001	0.001	0.997
0.001	0.001	0.001	0.997
0.001	0.001	0.001	0.997
0.001	0.001	0.764	0.234
>TCGTTCCCATCC	23-TCGTTCCCATCC	13.128714	-858.061941	0	T:491.0(0.02%),B:10.5(0.00%),P:1e-372	Tpos:76.4,Tstd:37.1,Bpos:64.0,Bstd:38.6,StrandBias:1.4,Multiplicity:1.00
0.001	0.001	0.001	0.997
0.001	0.997	0.001	0.001
0.001	0.001	0.997	0.001
0.001	0.001	0.001	0.997
0.001	0.001	0.001	0.997
0.001	0.997	0.001	0.001
0.001	0.997	0.001	0.001
0.001	0.997	0.001	0.001
0.997	0.001	0.001	0.001
0.031	0.001	0.001	0.967
0.001	0.997	0.001	0.001
0.001	0.997	0.001	0.001
>ACGCCCCAATAA	24-ACGCCCCAATAA	12.355432	-753.011870	0	T:275.0(0.01%),B:2.5(0.00%),P:1e-327	Tpos:80.8,Tstd:41.5,Bpos:36.3,Bstd:27.5,StrandBias:0.2,Multiplicity:1.00
0.700	0.100	0.100	0.100
0.100	0.700	0.100	0.100
0.100	0.100	0.700	0.100
0.100	0.700	0.100	0.100
0.100	0.700	0.100	0.100
0.100	0.700	0.100	0.100
0.100	0.700	0.100	0.100
0.700	0.100	0.100	0.100
0.700	0.100	0.100	0.100
0.100	0.100	0.100	0.700
0.700	0.100	0.100	0.100
0.700	0.100	0.100	0.100
>TGCCTAGCAACA	25-TGCCTAGCAACA	12.355432	-637.103161	0	T:390.0(0.02%),B:9.6(0.00%),P:1e-276	Tpos:65.0,Tstd:34.2,Bpos:70.6,Bstd:47.1,StrandBias:-0.6,Multiplicity:1.00
0.100	0.100	0.100	0.700
0.100	0.100	0.700	0.100
0.100	0.700	0.100	0.100
0.100	0.700	0.100	0.100
0.100	0.100	0.100	0.700
0.700	0.100	0.100	0.100
0.100	0.100	0.700	0.100
0.100	0.700	0.100	0.100
0.700	0.100	0.100	0.100
0.700	0.100	0.100	0.100
0.100	0.700	0.100	0.100
0.700	0.100	0.100	0.100
>GTCTGC	1-GTCTGC	6.177716	-23416.966488	0	T:233283.0(10.00%),B:43132.2(6.29%),P:1e-10169	Tpos:76.6,Tstd:39.1,Bpos:75.1,Bstd:50.4,StrandBias:0.3,Multiplicity:1.07
0.100	0.100	0.700	0.100
0.100	0.100	0.100	0.700
0.100	0.700	0.100	0.100
0.100	0.100	0.100	0.700
0.100	0.100	0.700	0.100
0.100	0.700	0.100	0.100
>CAGACG	2-CAGACG	7.160178	-14498.415013	0	T:412555.0(17.69%),B:94063.8(13.71%),P:1e-6296	Tpos:80.0,Tstd:41.1,Bpos:74.8,Bstd:51.2,StrandBias:0.2,Multiplicity:1.08
0.001	0.997	0.001	0.001
0.997	0.001	0.001	0.001
0.001	0.001	0.997	0.001
0.679	0.001	0.001	0.319
0.001	0.997	0.001	0.001
0.001	0.001	0.997	0.001
>AGATGG	3-AGATGG	7.311189	-8623.997789	0	T:386416.0(16.57%),B:92892.3(13.54%),P:1e-3745	Tpos:72.6,Tstd:41.1,Bpos:74.9,Bstd:48.2,StrandBias:0.2,Multiplicity:1.11
0.997	0.001	0.001	0.001
0.001	0.001	0.997	0.001
0.627	0.001	0.371	0.001
0.001	0.001	0.001	0.997
0.001	0.001	0.997	0.001
0.001	0.001	0.997	0.001
>GTTGCC	4-GTTGCC	6.177716	-7420.955147	0	T:232081.0(9.95%),B:53059.2(7.73%),P:1e-3222	Tpos:71.9,Tstd:40.2,Bpos:74.8,Bstd:50.0,StrandBias:-0.5,Multiplicity:1.07
0.100	0.100	0.700	0.100
0.100	0.100	0.100	0.700
0.100	0.100	0.100	0.700
0.100	0.100	0.700	0.100
0.100	0.700	0.100	0.100
0.100	0.700	0.100	0.100
>TGTTTA	5-TGTTTA	6.177716	-5279.600781	0	T:275586.0(11.82%),B:66967.3(9.76%),P:1e-2292	Tpos:70.7,Tstd:41.8,Bpos:74.7,Bstd:43.9,StrandBias:0.5,Multiplicity:1.09
0.100	0.100	0.100	0.700
0.100	0.100	0.700	0.100
0.100	0.100	0.100	0.700
0.100	0.100	0.100	0.700
0.100	0.100	0.100	0.700
0.700	0.100	0.100	0.100
>TTCAGT	6-TTCAGT	5.703066	-4612.433771	0	T:811701.0(34.80%),B:218520.7(31.85%),P:1e-2003	Tpos:77.4,Tstd:41.9,Bpos:74.9,Bstd:47.2,StrandBias:0.4,Multiplicity:1.24
0.001	0.143	0.114	0.742
0.001	0.001	0.001	0.997
0.001	0.819	0.001	0.179
0.997	0.001	0.001	0.001
0.001	0.207	0.791	0.001
0.001	0.001	0.001	0.997
>CCCWAG	7-CCCWAG	0.574736	-4108.325121	0	T:834952.0(35.80%),B:226342.1(32.99%),P:1e-1784	Tpos:76.6,Tstd:41.9,Bpos:75.1,Bstd:48.4,StrandBias:0.2,Multiplicity:1.22
0.001	0.997	0.001	0.001
0.209	0.439	0.193	0.158
0.001	0.997	0.001	0.001
0.560	0.001	0.001	0.438
0.997	0.001	0.001	0.001
0.001	0.001	0.997	0.001
>WGATAA	8-WGATAA	7.532714	-3694.161503	0	T:384840.0(16.50%),B:99372.6(14.48%),P:1e-1604	Tpos:68.8,Tstd:42.2,Bpos:74.9,Bstd:42.6,StrandBias:-0.2,Multiplicity:1.14
0.463	0.001	0.001	0.535
0.001	0.001	0.997	0.001
0.997	0.001	0.001	0.001
0.001	0.001	0.001	0.997
0.997	0.001	0.001	0.001
0.997	0.001	0.001	0.001
>GAAACC	9-GAAACC	4.166587	-3510.185753	0	T:977807.0(41.92%),B:269194.6(39.24%),P:1e-1524	Tpos:76.9,Tstd:42.0,Bpos:74.9,Bstd:48.0,StrandBias:-0.0,Multiplicity:1.25
0.001	0.001	0.997	0.001
0.854	0.001	0.001	0.144
0.821	0.001	0.001	0.177
0.856	0.001	0.142	0.001
0.001	0.738	0.260	0.001
0.001	0.997	0.001	0.001
>TGWCAR	10-TGWCAR	5.678324	-3497.295806	0	T:489747.0(21.00%),B:129177.6(18.83%),P:1e-1518	Tpos:77.1,Tstd:41.7,Bpos:75.1,Bstd:47.8,StrandBias:0.0,Multiplicity:1.14
0.104	0.289	0.001	0.606
0.131	0.001	0.867	0.001
0.448	0.001	0.001	0.550
0.001	0.923	0.001	0.075
0.626	0.055	0.001	0.318
0.473	0.001	0.525	0.001
>GCCATG	11-GCCATG	5.942584	-3463.654626	0	T:499662.0(21.42%),B:132046.7(19.25%),P:1e-1504	Tpos:77.2,Tstd:41.6,Bpos:74.9,Bstd:47.3,StrandBias:-0.0,Multiplicity:1.13
0.001	0.001	0.997	0.001
0.001	0.997	0.001	0.001
0.126	0.872	0.001	0.001
0.997	0.001	0.001	0.001
0.001	0.001	0.001	0.997
0.001	0.001	0.747	0.251
>TAGCGG	12-TAGCGG	6.177716	-2895.728154	0	T:88905.0(3.81%),B:20128.0(2.93%),P:1e-1257	Tpos:70.5,Tstd:40.9,Bpos:75.1,Bstd:47.6,StrandBias:-0.5,Multiplicity:1.03
0.100	0.100	0.100	0.700
0.700	0.100	0.100	0.100
0.100	0.100	0.700	0.100
0.100	0.700	0.100	0.100
0.100	0.100	0.700	0.100
0.100	0.100	0.700	0.100
>AAAACA	13-AAAACA	5.454242	-2615.514075	0	T:1320273.0(56.61%),B:372221.7(54.25%),P:1e-1135	Tpos:71.5,Tstd:42.8,Bpos:75.1,Bstd:45.7,StrandBias:-0.3,Multiplicity:1.61
0.997	0.001	0.001	0.001
0.799	0.111	0.001	0.089
0.868	0.130	0.001	0.001
0.903	0.001	0.095	0.001
0.001	0.823	0.001	0.175
0.997	0.001	0.001	0.001
>TATCRA	14-TATCRA	6.221452	-2431.202358	0	T:529429.0(22.70%),B:142892.7(20.83%),P:1e-1055	Tpos:68.9,Tstd:41.5,Bpos:75.1,Bstd:41.5,StrandBias:0.1,Multiplicity:1.18
0.001	0.001	0.001	0.997
0.997	0.001	0.001	0.001
0.001	0.001	0.001	0.997
0.278	0.572	0.001	0.149
0.533	0.001	0.465	0.001
0.837	0.001	0.161	0.001
>CACGTG	15-CACGTG	6.177716	-1989.301225	0	T:62543.0(2.68%),B:14188.9(2.07%),P:1e-863	Tpos:77.7,Tstd:41.9,Bpos:75.5,Bstd:49.6,StrandBias:0.0,Multiplicity:1.02
0.100	0.700	0.100	0.100
0.700	0.100	0.100	0.100
0.100	0.700	0.100	0.100
0.100	0.100	0.700	0.100
0.100	0.100	0.100	0.700
0.100	0.100	0.700	0.100
>TACTAA	16-TACTAA	5.562278	-1984.383559	0	T:551748.0(23.66%),B:150497.8(21.94%),P:1e-861	Tpos:69.2,Tstd:42.6,Bpos:74.8,Bstd:42.3,StrandBias:0.1,Multiplicity:1.15
0.001	0.201	0.060	0.738
0.578	0.123	0.001	0.298
0.001	0.603	0.001	0.395
0.001	0.001	0.324	0.674
0.956	0.001	0.042	0.001
0.798	0.001	0.090	0.111
>GGAGGA	17-GGAGGA	6.113486	-1864.996267	0	T:413484.0(17.73%),B:111403.3(16.24%),P:1e-809	Tpos:74.2,Tstd:41.6,Bpos:74.7,Bstd:48.5,StrandBias:0.0,Multiplicity:1.29
0.001	0.001	0.997	0.001
0.001	0.001	0.997	0.001
0.997	0.001	0.001	0.001
0.001	0.001	0.997	0.001
0.001	0.001	0.997	0.001
0.722	0.112	0.165	0.001
>CTTCCT	18-CTTCCT	6.432526	-1760.239460	0	T:364145.0(15.61%),B:97693.0(14.24%),P:1e-764	Tpos:77.2,Tstd:42.3,Bpos:74.9,Bstd:48.3,StrandBias:-0.4,Multiplicity:1.08
0.001	0.997	0.001	0.001
0.114	0.193	0.001	0.692
0.001	0.001	0.001	0.997
0.001	0.997	0.001	0.001
0.202	0.796	0.001	0.001
0.001	0.001	0.001	0.997
>SCGCCM	19-SCGCCM	5.446447	-1711.599436	0	T:293341.0(12.58%),B:77837.5(11.35%),P:1e-743	Tpos:73.2,Tstd:41.8,Bpos:74.8,Bstd:50.6,StrandBias:0.3,Multiplicity:1.15
0.158	0.332	0.421	0.088
0.050	0.553	0.001	0.396
0.001	0.001	0.997	0.001
0.001	0.867	0.131	0.001
0.001	0.800	0.001	0.198
0.421	0.446	0.001	0.132
>TAAAAT	20-TAAAAT	8.114000	-1471.556368	0	T:377061.0(16.17%),B:102154.7(14.89%),P:1e-639	Tpos:62.8,Tstd:41.8,Bpos:75.2,Bstd:40.3,StrandBias:-0.3,Multiplicity:1.15
0.001	0.001	0.001	0.997
0.997	0.001	0.001	0.001
0.997	0.001	0.001	0.001
0.828	0.001	0.001	0.170
0.997	0.001	0.001	0.001
0.001	0.001	0.001	0.997
>GAAGSA	21-GAAGSA	7.474921	-1388.801798	0	T:403477.0(17.30%),B:109925.8(16.02%),P:1e-603	Tpos:78.8,Tstd:42.4,Bpos:74.7,Bstd:48.2,StrandBias:0.2,Multiplicity:1.09
0.001	0.001	0.997	0.001
0.997	0.001	0.001	0.001
0.997	0.001	0.001	0.001
0.001	0.001	0.997	0.001
0.001	0.561	0.437	0.001
0.997	0.001	0.001	0.001
>GCCCTC	22-GCCCTC	6.177716	-1170.319434	0	T:92091.0(3.95%),B:23074.1(3.36%),P:1e-508	Tpos:73.9,Tstd:41.3,Bpos:75.2,Bstd:49.6,StrandBias:0.2,Multiplicity:1.02
0.100	0.100	0.700	0.100
0.100	0.700	0.100	0.100
0.100	0.700	0.100	0.100
0.100	0.700	0.100	0.100
0.100	0.100	0.100	0.700
0.100	0.700	0.100	0.100
>ACGTCA	23-ACGTCA	6.177716	-962.398369	0	T:203605.0(8.73%),B:54497.9(7.94%),P:1e-417	Tpos:75.6,Tstd:42.2,Bpos:75.2,Bstd:49.6,StrandBias:0.1,Multiplicity:1.13
0.700	0.100	0.100	0.100
0.100	0.700	0.100	0.100
0.100	0.100	0.700	0.100
0.100	0.100	0.100	0.700
0.100	0.700	0.100	0.100
0.700	0.100	0.100	0.100
>TCAGCT	24-TCAGCT	8.065754	-787.785401	0	T:192087.0(8.24%),B:51744.1(7.54%),P:1e-342	Tpos:78.4,Tstd:41.5,Bpos:75.0,Bstd:49.7,StrandBias:-0.1,Multiplicity:1.05
0.209	0.001	0.001	0.789
0.001	0.997	0.001	0.001
0.997	0.001	0.001	0.001
0.001	0.001	0.997	0.001
0.001	0.997	0.001	0.001
0.001	0.001	0.001	0.997
>CAACAG	25-CAACAG	6.177716	-646.429906	0	T:306445.0(13.14%),B:84798.8(12.36%),P:1e-280	Tpos:78.5,Tstd:42.2,Bpos:74.9,Bstd:51.6,StrandBias:0.3,Multiplicity:1.07
0.100	0.700	0.100	0.100
0.700	0.100	0.100	0.100
0.700	0.100	0.100	0.100
0.100	0.700	0.100	0.100
0.700	0.100	0.100	0.100
0.100	0.100	0.700	0.100
>TCGTCTGC	1-TCGTCTGC	8.627475	-38859.447266	0	T:90682.0(3.89%),B:9056.2(1.32%),P:1e-16876	Tpos:74.4,Tstd:36.8,Bpos:75.1,Bstd:48.0,StrandBias:0.3,Multiplicity:1.03
0.001	0.001	0.001	0.997
0.087	0.911	0.001	0.001
0.001	0.001	0.997	0.001
0.001	0.001	0.001	0.997
0.001	0.997	0.001	0.001
0.001	0.001	0.001	0.997
0.001	0.001	0.997	0.001
0.001	0.997	0.001	0.001
>TAGCAGAC	2-TAGCAGAC	9.894908	-32765.694663	0	T:69586.0(2.98%),B:6509.4(0.95%),P:1e-14229	Tpos:75.9,Tstd:38.7,Bpos:76.0,Bstd:49.2,StrandBias:-0.2,Multiplicity:1.02
0.309	0.001	0.001	0.689
0.997	0.001	0.001	0.001
0.001	0.001	0.997	0.001
0.001	0.997	0.001	0.001
0.997	0.001	0.001	0.001
0.001	0.001	0.997	0.001
0.997	0.001	0.001	0.001
0.001	0.997	0.001	0.001
>AGCAGACG	3-AGCAGACG	8.041244	-27454.866484	0	T:151261.0(6.49%),B:23150.8(3.37%),P:1e-11923	Tpos:78.9,Tstd:39.7,Bpos:75.3,Bstd:51.1,StrandBias:0.2,Multiplicity:1.02
0.561	0.059	0.067	0.313
0.001	0.001	0.997	0.001
0.001	0.997	0.001	0.001
0.772	0.138	0.041	0.049
0.001	0.001	0.997	0.001
0.621	0.001	0.001	0.377
0.297	0.701	0.001	0.001
0.119	0.069	0.749	0.063
>CGCCATCT	4-CGCCATCT	5.863294	-18423.390196	0	T:136976.0(5.87%),B:23140.1(3.37%),P:1e-8001	Tpos:65.3,Tstd:38.5,Bpos:75.0,Bstd:47.8,StrandBias:-0.5,Multiplicity:1.04
0.113	0.802	0.001	0.084
0.001	0.001	0.997	0.001
0.001	0.997	0.001	0.001
0.001	0.997	0.001	0.001
0.943	0.055	0.001	0.001
0.001	0.121	0.001	0.877
0.001	0.997	0.001	0.001
0.001	0.001	0.001	0.997
>TGGCAACG	5-TGGCAACG	7.162284	-15189.690129	0	T:173431.0(7.44%),B:32987.2(4.81%),P:1e-6596	Tpos:69.9,Tstd:38.9,Bpos:74.3,Bstd:48.6,StrandBias:0.8,Multiplicity:1.05
0.032	0.046	0.017	0.905
0.038	0.005	0.956	0.001
0.036	0.001	0.962	0.001
0.001	0.995	0.001	0.003
0.997	0.001	0.001	0.001
0.983	0.001	0.001	0.015
0.001	0.877	0.001	0.121
0.130	0.052	0.782	0.036
>GACATCTA	6-GACATCTA	8.112017	-12237.259527	0	T:65297.0(2.80%),B:9785.6(1.43%),P:1e-5314	Tpos:66.7,Tstd:39.0,Bpos:74.5,Bstd:44.8,StrandBias:-0.6,Multiplicity:1.01
0.001	0.001	0.997	0.001
0.878	0.120	0.001	0.001
0.001	0.997	0.001	0.001
0.922	0.001	0.001	0.076
0.001	0.224	0.001	0.774
0.001	0.997	0.001	0.001
0.001	0.001	0.001	0.997
0.997	0.001	0.001	0.001
>CACCATCT	7-CACCATCT	3.886905	-9129.290478	0	T:158146.0(6.78%),B:32795.9(4.78%),P:1e-3964	Tpos:73.5,Tstd:41.2,Bpos:74.4,Bstd:48.0,StrandBias:-0.0,Multiplicity:1.03
0.001	0.997	0.001	0.001
0.747	0.001	0.001	0.251
0.001	0.997	0.001	0.001
0.001	0.997	0.001	0.001
0.929	0.069	0.001	0.001
0.001	0.185	0.001	0.813
0.001	0.997	0.001	0.001
0.001	0.001	0.001	0.997
>CCGCTAGA	8-CCGCTAGA	10.033685	-8596.147524	0	T:28747.0(1.23%),B:3496.1(0.51%),P:1e-3733	Tpos:59.8,Tstd:36.4,Bpos:74.2,Bstd:46.2,StrandBias:0.6,Multiplicity:1.02
0.001	0.997	0.001	0.001
0.001	0.997	0.001	0.001
0.001	0.001	0.997	0.001
0.001	0.997	0.001	0.001
0.001	0.001	0.001	0.997
0.997	0.001	0.001	0.001
0.001	0.001	0.997	0.001
0.643	0.001	0.355	0.001
>AAAATGGC	9-AAAATGGC	7.772485	-8431.602483	0	T:106247.0(4.56%),B:20565.6(3.00%),P:1e-3661	Tpos:79.2,Tstd:40.9,Bpos:74.9,Bstd:45.2,StrandBias:0.4,Multiplicity:1.01
0.997	0.001	0.001	0.001
0.997	0.001	0.001	0.001
0.470	0.234	0.037	0.258
0.997	0.001	0.001	0.001
0.001	0.001	0.001	0.997
0.001	0.001	0.997	0.001
0.001	0.001	0.997	0.001
0.001	0.997	0.001	0.001
>TGTTTACA	10-TGTTTACA	9.044369	-5465.601113	0	T:63986.0(2.74%),B:12138.9(1.77%),P:1e-2373	Tpos:74.2,Tstd:40.6,Bpos:74.7,Bstd:44.5,StrandBias:0.4,Multiplicity:1.02
0.001	0.001	0.001	0.997
0.001	0.001	0.997	0.001
0.001	0.001	0.001	0.997
0.001	0.001	0.001	0.997
0.001	0.001	0.001	0.997
0.997	0.001	0.001	0.001
0.001	0.997	0.001	0.001
0.591	0.001	0.132	0.276
>WTGGCGCC	11-WTGGCGCC	7.336294	-4707.974499	0	T:155900.0(6.68%),B:35773.0(5.21%),P:1e-2044	Tpos:74.4,Tstd:40.5,Bpos:75.0,Bstd:50.3,StrandBias:-0.0,Multiplicity:1.05
0.447	0.001	0.205	0.346
0.001	0.001	0.204	0.794
0.001	0.001	0.997	0.001
0.001	0.001	0.997	0.001
0.001	0.997	0.001	0.001
0.001	0.001	0.997	0.001
0.001	0.660	0.221	0.118
0.001	0.659	0.001	0.339
>TTTGACAG	12-TTTGACAG	8.446778	-4707.316532	0	T:64501.0(2.77%),B:12679.1(1.85%),P:1e-2044	Tpos:78.1,Tstd:40.5,Bpos:75.8,Bstd:47.7,StrandBias:0.0,Multiplicity:1.02
0.001	0.080	0.001	0.918
0.001	0.093	0.001	0.905
0.001	0.001	0.001	0.997
0.001	0.001	0.997	0.001
0.997	0.001	0.001	0.001
0.001	0.997	0.001	0.001
0.997	0.001	0.001	0.001
0.001	0.001	0.997	0.001
>TGTTATCA	13-TGTTATCA	6.552384	-4689.925147	0	T:229457.0(9.84%),B:55285.5(8.06%),P:1e-2036	Tpos:71.1,Tstd:41.6,Bpos:75.0,Bstd:43.8,StrandBias:0.2,Multiplicity:1.07
0.012	0.056	0.015	0.917
0.011	0.214	0.659	0.116
0.001	0.006	0.015	0.978
0.008	0.001	0.001	0.990
0.825	0.001	0.133	0.041
0.004	0.039	0.001	0.956
0.001	0.915	0.055	0.029
0.857	0.024	0.041	0.078
>ACAGCTGA	14-ACAGCTGA	7.811379	-4498.403938	0	T:69665.0(2.99%),B:14053.5(2.05%),P:1e-1953	Tpos:77.1,Tstd:40.5,Bpos:75.5,Bstd:49.1,StrandBias:-0.2,Multiplicity:1.03
0.836	0.001	0.001	0.162
0.001	0.997	0.001	0.001
0.997	0.001	0.001	0.001
0.151	0.001	0.847	0.001
0.001	0.997	0.001	0.001
0.001	0.001	0.001	0.997
0.001	0.001	0.997	0.001
0.944	0.001	0.001	0.054
>GGAGGAGG	15-GGAGGAGG	6.878434	-3843.883459	0	T:184462.0(7.91%),B:44270.0(6.45%),P:1e-1669	Tpos:74.1,Tstd:41.1,Bpos:75.0,Bstd:49.5,StrandBias:0.1,Multiplicity:1.13
0.024	0.008	0.958	0.010
0.041	0.001	0.926	0.032
0.853	0.046	0.024	0.077
0.011	0.001	0.978	0.010
0.041	0.030	0.928	0.001
0.818	0.036	0.001	0.145
0.058	0.001	0.940	0.001
0.024	0.071	0.868	0.037
>TATAAAAT	16-TATAAAAT	6.113964	-3746.088044	0	T:458531.0(19.66%),B:119891.7(17.48%),P:1e-1626	Tpos:62.3,Tstd:40.6,Bpos:75.1,Bstd:38.7,StrandBias:-0.2,Multiplicity:1.20
0.055	0.001	0.093	0.851
0.793	0.113	0.052	0.042
0.025	0.063	0.014	0.898
0.876	0.008	0.013	0.103
0.997	0.001	0.001	0.001
0.997	0.001	0.001	0.001
0.942	0.001	0.001	0.056
0.127	0.041	0.043	0.789
>GGCTTGGG	17-GGCTTGGG	5.042644	-3073.335261	0	T:435422.0(18.67%),B:114753.8(16.73%),P:1e-1334	Tpos:77.6,Tstd:41.1,Bpos:75.0,Bstd:48.4,StrandBias:-0.3,Multiplicity:1.15
0.054	0.065	0.792	0.089
0.191	0.222	0.501	0.086
0.068	0.665	0.151	0.116
0.094	0.033	0.012	0.861
0.096	0.039	0.063	0.802
0.029	0.121	0.743	0.107
0.112	0.033	0.819	0.036
0.065	0.074	0.820	0.041
>TTATTWAT	18-TTATTWAT	6.749105	-2875.165077	0	T:459402.0(19.70%),B:121947.9(17.77%),P:1e-1248	Tpos:65.0,Tstd:41.4,Bpos:74.9,Bstd:40.0,StrandBias:0.6,Multiplicity:1.17
0.045	0.090	0.001	0.864
0.001	0.001	0.001	0.997
0.737	0.001	0.261	0.001
0.001	0.119	0.001	0.879
0.001	0.355	0.001	0.643
0.477	0.001	0.138	0.384
0.611	0.001	0.092	0.296
0.001	0.257	0.001	0.741
>TGTTTTGA	19-TGTTTTGA	6.663450	-2611.577537	0	T:169434.0(7.26%),B:41857.5(6.10%),P:1e-1134	Tpos:74.8,Tstd:41.9,Bpos:75.2,Bstd:45.7,StrandBias:0.2,Multiplicity:1.04
0.001	0.001	0.001	0.997
0.109	0.001	0.889	0.001
0.001	0.001	0.001	0.997
0.001	0.001	0.001	0.997
0.001	0.001	0.136	0.862
0.001	0.076	0.001	0.922
0.001	0.001	0.997	0.001
0.885	0.001	0.113	0.001
>CTAAACAG	20-CTAAACAG	9.249163	-2367.339351	0	T:48854.0(2.09%),B:10383.1(1.51%),P:1e-1028	Tpos:71.3,Tstd:39.9,Bpos:74.2,Bstd:45.6,StrandBias:-0.9,Multiplicity:1.01
0.001	0.997	0.001	0.001
0.001	0.001	0.001	0.997
0.997	0.001	0.001	0.001
0.997	0.001	0.001	0.001
0.997	0.001	0.001	0.001
0.001	0.997	0.001	0.001
0.997	0.001	0.001	0.001
0.162	0.335	0.502	0.001
>ACHGACTA	21-ACHGACTA	6.901077	-2193.228094	0	T:178800.0(7.67%),B:45051.4(6.57%),P:1e-952	Tpos:78.0,Tstd:40.8,Bpos:75.3,Bstd:47.6,StrandBias:-0.4,Multiplicity:1.05
0.657	0.001	0.001	0.341
0.001	0.997	0.001	0.001
0.387	0.326	0.001	0.287
0.001	0.385	0.613	0.001
0.997	0.001	0.001	0.001
0.142	0.856	0.001	0.001
0.001	0.001	0.287	0.711
0.855	0.001	0.001	0.143
>GGGAAGGG	22-GGGAAGGG	6.037007	-1898.053046	0	T:165313.0(7.09%),B:41853.0(6.10%),P:1e-824	Tpos:71.9,Tstd:40.7,Bpos:74.7,Bstd:45.1,StrandBias:-0.2,Multiplicity:1.08
0.193	0.001	0.805	0.001
0.044	0.001	0.931	0.024
0.059	0.001	0.933	0.007
0.914	0.030	0.055	0.001
0.773	0.001	0.107	0.119
0.034	0.001	0.903	0.062
0.014	0.007	0.876	0.103
0.001	0.001	0.993	0.005
>CACGTGTG	23-CACGTGTG	6.488135	-1734.478132	0	T:47282.0(2.03%),B:10504.3(1.53%),P:1e-753	Tpos:80.3,Tstd:41.0,Bpos:75.2,Bstd:48.8,StrandBias:0.1,Multiplicity:1.01
0.001	0.997	0.001	0.001
0.997	0.001	0.001	0.001
0.001	0.997	0.001	0.001
0.001	0.001	0.997	0.001
0.001	0.001	0.001	0.997
0.001	0.001	0.997	0.001
0.001	0.074	0.087	0.838
0.142	0.001	0.719	0.138
>TCGTAGTC	24-TCGTAGTC	7.323170	-1493.136677	0	T:79383.0(3.40%),B:19176.9(2.80%),P:1e-648	Tpos:77.9,Tstd:41.5,Bpos:74.9,Bstd:46.2,StrandBias:-0.4,Multiplicity:1.04
0.001	0.001	0.001	0.997
0.001	0.997	0.001	0.001
0.065	0.001	0.933	0.001
0.001	0.001	0.001	0.997
0.997	0.001	0.001	0.001
0.001	0.178	0.731	0.090
0.001	0.162	0.001	0.836
0.001	0.589	0.001	0.409
>ATCGATAT	25-ATCGATAT	10.682188	-1093.623478	0	T:16948.0(0.73%),B:3409.3(0.50%),P:1e-474	Tpos:61.7,Tstd:37.3,Bpos:76.2,Bstd:39.7,StrandBias:0.1,Multiplicity:1.05
0.997	0.001	0.001	0.001
0.001	0.001	0.001	0.997
0.001	0.997	0.001	0.001
0.001	0.001	0.997	0.001
0.997	0.001	0.001	0.001
0.001	0.001	0.001	0.997
0.997	0.001	0.001	0.001
0.001	0.155	0.165	0.679
