>TCGTCTGC	1-TCGTCTGC	8.627475	-38859.447266	0	T:90682.0(3.89%),B:9056.2(1.32%),P:1e-16876	Tpos:74.4,Tstd:36.8,Bpos:75.1,Bstd:48.0,StrandBias:0.3,Multiplicity:1.03
0.001	0.001	0.001	0.997
0.087	0.911	0.001	0.001
0.001	0.001	0.997	0.001
0.001	0.001	0.001	0.997
0.001	0.997	0.001	0.001
0.001	0.001	0.001	0.997
0.001	0.001	0.997	0.001
0.001	0.997	0.001	0.001
>TAGCAGAC	2-TAGCAGAC	9.894908	-32765.694663	0	T:69586.0(2.98%),B:6509.4(0.95%),P:1e-14229	Tpos:75.9,Tstd:38.7,Bpos:76.0,Bstd:49.2,StrandBias:-0.2,Multiplicity:1.02
0.309	0.001	0.001	0.689
0.997	0.001	0.001	0.001
0.001	0.001	0.997	0.001
0.001	0.997	0.001	0.001
0.997	0.001	0.001	0.001
0.001	0.001	0.997	0.001
0.997	0.001	0.001	0.001
0.001	0.997	0.001	0.001
>AGCAGACG	3-AGCAGACG	8.041244	-27454.866484	0	T:151261.0(6.49%),B:23150.8(3.37%),P:1e-11923	Tpos:78.9,Tstd:39.7,Bpos:75.3,Bstd:51.1,StrandBias:0.2,Multiplicity:1.02
0.561	0.059	0.067	0.313
0.001	0.001	0.997	0.001
0.001	0.997	0.001	0.001
0.772	0.138	0.041	0.049
0.001	0.001	0.997	0.001
0.621	0.001	0.001	0.377
0.297	0.701	0.001	0.001
0.119	0.069	0.749	0.063
>CGCCATCT	4-CGCCATCT	5.863294	-18423.390196	0	T:136976.0(5.87%),B:23140.1(3.37%),P:1e-8001	Tpos:65.3,Tstd:38.5,Bpos:75.0,Bstd:47.8,StrandBias:-0.5,Multiplicity:1.04
0.113	0.802	0.001	0.084
0.001	0.001	0.997	0.001
0.001	0.997	0.001	0.001
0.001	0.997	0.001	0.001
0.943	0.055	0.001	0.001
0.001	0.121	0.001	0.877
0.001	0.997	0.001	0.001
0.001	0.001	0.001	0.997
>TGGCAACG	5-TGGCAACG	7.162284	-15189.690129	0	T:173431.0(7.44%),B:32987.2(4.81%),P:1e-6596	Tpos:69.9,Tstd:38.9,Bpos:74.3,Bstd:48.6,StrandBias:0.8,Multiplicity:1.05
0.032	0.046	0.017	0.905
0.038	0.005	0.956	0.001
0.036	0.001	0.962	0.001
0.001	0.995	0.001	0.003
0.997	0.001	0.001	0.001
0.983	0.001	0.001	0.015
0.001	0.877	0.001	0.121
0.130	0.052	0.782	0.036
>GACATCTA	6-GACATCTA	8.112017	-12237.259527	0	T:65297.0(2.80%),B:9785.6(1.43%),P:1e-5314	Tpos:66.7,Tstd:39.0,Bpos:74.5,Bstd:44.8,StrandBias:-0.6,Multiplicity:1.01
0.001	0.001	0.997	0.001
0.878	0.120	0.001	0.001
0.001	0.997	0.001	0.001
0.922	0.001	0.001	0.076
0.001	0.224	0.001	0.774
0.001	0.997	0.001	0.001
0.001	0.001	0.001	0.997
0.997	0.001	0.001	0.001
>CACCATCT	7-CACCATCT	3.886905	-9129.290478	0	T:158146.0(6.78%),B:32795.9(4.78%),P:1e-3964	Tpos:73.5,Tstd:41.2,Bpos:74.4,Bstd:48.0,StrandBias:-0.0,Multiplicity:1.03
0.001	0.997	0.001	0.001
0.747	0.001	0.001	0.251
0.001	0.997	0.001	0.001
0.001	0.997	0.001	0.001
0.929	0.069	0.001	0.001
0.001	0.185	0.001	0.813
0.001	0.997	0.001	0.001
0.001	0.001	0.001	0.997
>CCGCTAGA	8-CCGCTAGA	10.033685	-8596.147524	0	T:28747.0(1.23%),B:3496.1(0.51%),P:1e-3733	Tpos:59.8,Tstd:36.4,Bpos:74.2,Bstd:46.2,StrandBias:0.6,Multiplicity:1.02
0.001	0.997	0.001	0.001
0.001	0.997	0.001	0.001
0.001	0.001	0.997	0.001
0.001	0.997	0.001	0.001
0.001	0.001	0.001	0.997
0.997	0.001	0.001	0.001
0.001	0.001	0.997	0.001
0.643	0.001	0.355	0.001
>AAAATGGC	9-AAAATGGC	7.772485	-8431.602483	0	T:106247.0(4.56%),B:20565.6(3.00%),P:1e-3661	Tpos:79.2,Tstd:40.9,Bpos:74.9,Bstd:45.2,StrandBias:0.4,Multiplicity:1.01
0.997	0.001	0.001	0.001
0.997	0.001	0.001	0.001
0.470	0.234	0.037	0.258
0.997	0.001	0.001	0.001
0.001	0.001	0.001	0.997
0.001	0.001	0.997	0.001
0.001	0.001	0.997	0.001
0.001	0.997	0.001	0.001
>TGTTTACA	10-TGTTTACA	9.044369	-5465.601113	0	T:63986.0(2.74%),B:12138.9(1.77%),P:1e-2373	Tpos:74.2,Tstd:40.6,Bpos:74.7,Bstd:44.5,StrandBias:0.4,Multiplicity:1.02
0.001	0.001	0.001	0.997
0.001	0.001	0.997	0.001
0.001	0.001	0.001	0.997
0.001	0.001	0.001	0.997
0.001	0.001	0.001	0.997
0.997	0.001	0.001	0.001
0.001	0.997	0.001	0.001
0.591	0.001	0.132	0.276
>WTGGCGCC	11-WTGGCGCC	7.336294	-4707.974499	0	T:155900.0(6.68%),B:35773.0(5.21%),P:1e-2044	Tpos:74.4,Tstd:40.5,Bpos:75.0,Bstd:50.3,StrandBias:-0.0,Multiplicity:1.05
0.447	0.001	0.205	0.346
0.001	0.001	0.204	0.794
0.001	0.001	0.997	0.001
0.001	0.001	0.997	0.001
0.001	0.997	0.001	0.001
0.001	0.001	0.997	0.001
0.001	0.660	0.221	0.118
0.001	0.659	0.001	0.339
>TTTGACAG	12-TTTGACAG	8.446778	-4707.316532	0	T:64501.0(2.77%),B:12679.1(1.85%),P:1e-2044	Tpos:78.1,Tstd:40.5,Bpos:75.8,Bstd:47.7,StrandBias:0.0,Multiplicity:1.02
0.001	0.080	0.001	0.918
0.001	0.093	0.001	0.905
0.001	0.001	0.001	0.997
0.001	0.001	0.997	0.001
0.997	0.001	0.001	0.001
0.001	0.997	0.001	0.001
0.997	0.001	0.001	0.001
0.001	0.001	0.997	0.001
>TGTTATCA	13-TGTTATCA	6.552384	-4689.925147	0	T:229457.0(9.84%),B:55285.5(8.06%),P:1e-2036	Tpos:71.1,Tstd:41.6,Bpos:75.0,Bstd:43.8,StrandBias:0.2,Multiplicity:1.07
0.012	0.056	0.015	0.917
0.011	0.214	0.659	0.116
0.001	0.006	0.015	0.978
0.008	0.001	0.001	0.990
0.825	0.001	0.133	0.041
0.004	0.039	0.001	0.956
0.001	0.915	0.055	0.029
0.857	0.024	0.041	0.078
>ACAGCTGA	14-ACAGCTGA	7.811379	-4498.403938	0	T:69665.0(2.99%),B:14053.5(2.05%),P:1e-1953	Tpos:77.1,Tstd:40.5,Bpos:75.5,Bstd:49.1,StrandBias:-0.2,Multiplicity:1.03
0.836	0.001	0.001	0.162
0.001	0.997	0.001	0.001
0.997	0.001	0.001	0.001
0.151	0.001	0.847	0.001
0.001	0.997	0.001	0.001
0.001	0.001	0.001	0.997
0.001	0.001	0.997	0.001
0.944	0.001	0.001	0.054
>GGAGGAGG	15-GGAGGAGG	6.878434	-3843.883459	0	T:184462.0(7.91%),B:44270.0(6.45%),P:1e-1669	Tpos:74.1,Tstd:41.1,Bpos:75.0,Bstd:49.5,StrandBias:0.1,Multiplicity:1.13
0.024	0.008	0.958	0.010
0.041	0.001	0.926	0.032
0.853	0.046	0.024	0.077
0.011	0.001	0.978	0.010
0.041	0.030	0.928	0.001
0.818	0.036	0.001	0.145
0.058	0.001	0.940	0.001
0.024	0.071	0.868	0.037
>TATAAAAT	16-TATAAAAT	6.113964	-3746.088044	0	T:458531.0(19.66%),B:119891.7(17.48%),P:1e-1626	Tpos:62.3,Tstd:40.6,Bpos:75.1,Bstd:38.7,StrandBias:-0.2,Multiplicity:1.20
0.055	0.001	0.093	0.851
0.793	0.113	0.052	0.042
0.025	0.063	0.014	0.898
0.876	0.008	0.013	0.103
0.997	0.001	0.001	0.001
0.997	0.001	0.001	0.001
0.942	0.001	0.001	0.056
0.127	0.041	0.043	0.789
>GGCTTGGG	17-GGCTTGGG	5.042644	-3073.335261	0	T:435422.0(18.67%),B:114753.8(16.73%),P:1e-1334	Tpos:77.6,Tstd:41.1,Bpos:75.0,Bstd:48.4,StrandBias:-0.3,Multiplicity:1.15
0.054	0.065	0.792	0.089
0.191	0.222	0.501	0.086
0.068	0.665	0.151	0.116
0.094	0.033	0.012	0.861
0.096	0.039	0.063	0.802
0.029	0.121	0.743	0.107
0.112	0.033	0.819	0.036
0.065	0.074	0.820	0.041
>TTATTWAT	18-TTATTWAT	6.749105	-2875.165077	0	T:459402.0(19.70%),B:121947.9(17.77%),P:1e-1248	Tpos:65.0,Tstd:41.4,Bpos:74.9,Bstd:40.0,StrandBias:0.6,Multiplicity:1.17
0.045	0.090	0.001	0.864
0.001	0.001	0.001	0.997
0.737	0.001	0.261	0.001
0.001	0.119	0.001	0.879
0.001	0.355	0.001	0.643
0.477	0.001	0.138	0.384
0.611	0.001	0.092	0.296
0.001	0.257	0.001	0.741
>TGTTTTGA	19-TGTTTTGA	6.663450	-2611.577537	0	T:169434.0(7.26%),B:41857.5(6.10%),P:1e-1134	Tpos:74.8,Tstd:41.9,Bpos:75.2,Bstd:45.7,StrandBias:0.2,Multiplicity:1.04
0.001	0.001	0.001	0.997
0.109	0.001	0.889	0.001
0.001	0.001	0.001	0.997
0.001	0.001	0.001	0.997
0.001	0.001	0.136	0.862
0.001	0.076	0.001	0.922
0.001	0.001	0.997	0.001
0.885	0.001	0.113	0.001
>CTAAACAG	20-CTAAACAG	9.249163	-2367.339351	0	T:48854.0(2.09%),B:10383.1(1.51%),P:1e-1028	Tpos:71.3,Tstd:39.9,Bpos:74.2,Bstd:45.6,StrandBias:-0.9,Multiplicity:1.01
0.001	0.997	0.001	0.001
0.001	0.001	0.001	0.997
0.997	0.001	0.001	0.001
0.997	0.001	0.001	0.001
0.997	0.001	0.001	0.001
0.001	0.997	0.001	0.001
0.997	0.001	0.001	0.001
0.162	0.335	0.502	0.001
>ACHGACTA	21-ACHGACTA	6.901077	-2193.228094	0	T:178800.0(7.67%),B:45051.4(6.57%),P:1e-952	Tpos:78.0,Tstd:40.8,Bpos:75.3,Bstd:47.6,StrandBias:-0.4,Multiplicity:1.05
0.657	0.001	0.001	0.341
0.001	0.997	0.001	0.001
0.387	0.326	0.001	0.287
0.001	0.385	0.613	0.001
0.997	0.001	0.001	0.001
0.142	0.856	0.001	0.001
0.001	0.001	0.287	0.711
0.855	0.001	0.001	0.143
>GGGAAGGG	22-GGGAAGGG	6.037007	-1898.053046	0	T:165313.0(7.09%),B:41853.0(6.10%),P:1e-824	Tpos:71.9,Tstd:40.7,Bpos:74.7,Bstd:45.1,StrandBias:-0.2,Multiplicity:1.08
0.193	0.001	0.805	0.001
0.044	0.001	0.931	0.024
0.059	0.001	0.933	0.007
0.914	0.030	0.055	0.001
0.773	0.001	0.107	0.119
0.034	0.001	0.903	0.062
0.014	0.007	0.876	0.103
0.001	0.001	0.993	0.005
>CACGTGTG	23-CACGTGTG	6.488135	-1734.478132	0	T:47282.0(2.03%),B:10504.3(1.53%),P:1e-753	Tpos:80.3,Tstd:41.0,Bpos:75.2,Bstd:48.8,StrandBias:0.1,Multiplicity:1.01
0.001	0.997	0.001	0.001
0.997	0.001	0.001	0.001
0.001	0.997	0.001	0.001
0.001	0.001	0.997	0.001
0.001	0.001	0.001	0.997
0.001	0.001	0.997	0.001
0.001	0.074	0.087	0.838
0.142	0.001	0.719	0.138
>TCGTAGTC	24-TCGTAGTC	7.323170	-1493.136677	0	T:79383.0(3.40%),B:19176.9(2.80%),P:1e-648	Tpos:77.9,Tstd:41.5,Bpos:74.9,Bstd:46.2,StrandBias:-0.4,Multiplicity:1.04
0.001	0.001	0.001	0.997
0.001	0.997	0.001	0.001
0.065	0.001	0.933	0.001
0.001	0.001	0.001	0.997
0.997	0.001	0.001	0.001
0.001	0.178	0.731	0.090
0.001	0.162	0.001	0.836
0.001	0.589	0.001	0.409
>ATCGATAT	25-ATCGATAT	10.682188	-1093.623478	0	T:16948.0(0.73%),B:3409.3(0.50%),P:1e-474	Tpos:61.7,Tstd:37.3,Bpos:76.2,Bstd:39.7,StrandBias:0.1,Multiplicity:1.05
0.997	0.001	0.001	0.001
0.001	0.001	0.001	0.997
0.001	0.997	0.001	0.001
0.001	0.001	0.997	0.001
0.997	0.001	0.001	0.001
0.001	0.001	0.001	0.997
0.997	0.001	0.001	0.001
0.001	0.155	0.165	0.679
