Motif Name (# sites) [observed/expected]	   Dpm1 (1140)	Dpm2 (900)	Dpm3 (3392)	Dpm4 (684)	Dpm5 (785)	Dpm6 (16)	Dpm7 (522)	Dpm8 (412)
   Dpm1 (1140)	1.08124241311796	0.701208576998051	1.01507675438596	0.800528367702883	1.35959325064253	0	1.4578880150568	1.26145460739227
Dpm2 (900)	0.701208576998051	0.298028517594414	1.17832809224319	0.670272904483431	0.554083510261854	7.34722222222222	0.923329076202639	0.599190938511327
Dpm3 (3392)	1.01507675438596	1.17832809224319	0.976721744615944	0.984980139026812	0.818516404278332	2.33932783018868	0.926170660738813	0.908476827257739
Dpm4 (684)	0.800528367702883	0.670272904483431	0.984980139026812	0.937961316834263	1.22166350057735	0	1.36306603033766	1.20138534037359
Dpm5 (785)	1.35959325064253	0.554083510261854	0.818516404278332	1.22166350057735	0.978216636526333	0	1.08441320740903	0.556118978418156
Dpm6 (16)	0	7.34722222222222	2.33932783018868	0	0	0	0	0
Dpm7 (522)	1.4578880150568	0.923329076202639	0.926170660738813	1.36306603033766	1.08441320740903	0	1.3563467028014	1.62342372503069
Dpm8 (412)	1.26145460739227	0.599190938511327	0.908476827257739	1.20138534037359	0.556118978418156	0	1.62342372503069	1.34101321695445
