Motif Name (# sites) [Overlap Counts]	   Dpm1 (1140)	Dpm2 (900)	Dpm3 (3392)	Dpm4 (684)	Dpm5 (785)	Dpm6 (16)	Dpm7 (522)	Dpm8 (412)
   Dpm1 (1140)	69	68	371	59	115	0	82	56
Dpm2 (900)	68	11	340	39	37	10	41	21
Dpm3 (3392)	371	340	568	216	206	12	155	120
Dpm4 (684)	59	39	216	21	62	0	46	32
Dpm5 (785)	115	37	206	62	29	0	42	17
Dpm6 (16)	0	10	12	0	0	0	0	0
Dpm7 (522)	82	41	155	46	42	0	18	33
Dpm8 (412)	56	21	120	32	17	0	33	11
