Motif Name (# sites) [observed/expected]	   Dpm1 (3085)	Dpm2 (2430)	Dpm3 (2914)	Dpm4 (555)	Dpm5 (1023)	Dpm6 (637)	Dpm7 (144)
   Dpm1 (3085)	0.913691914968584	0.865136629516244	0.916808032312571	0.828022836450713	1.16998499661751	1.13598742077557	1.19079776697281
Dpm2 (2430)	0.865136629516244	0.761254823394333	1.12060126930866	0.839402365328291	0.787363881748589	0.984243269957556	0.423296753543667
Dpm3 (2914)	0.916808032312571	1.12060126930866	0.981984041250196	0.8177360613874	0.727569269867851	0.83786494905232	1.00854114237779
Dpm4 (555)	0.828022836450713	0.839402365328291	0.8177360613874	0.757584904156627	1.34168185781089	1.73572630715488	0.794294294294294
Dpm5 (1023)	1.16998499661751	0.787363881748589	0.727569269867851	1.34168185781089	0.916165181630954	1.33132612395285	0.718203540784186
Dpm6 (637)	1.13598742077557	0.984243269957556	0.83786494905232	1.73572630715488	1.33132612395285	1.40555307793647	1.15341008198151
Dpm7 (144)	1.19079776697281	0.423296753543667	1.00854114237779	0.794294294294294	0.718203540784186	1.15341008198151	1.02234553151923
