Motif Name (# sites) [Overlap Counts]	   Dpm1 (3085)	Dpm2 (2430)	Dpm3 (2914)	Dpm4 (555)	Dpm5 (2822)	Dpm6 (637)	Dpm7 (534)
   Dpm1 (3085)	428	613	779	134	853	211	186
Dpm2 (2430)	613	212	750	107	540	144	82
Dpm3 (2914)	779	750	418	125	662	147	145
Dpm4 (555)	134	107	125	11	171	58	33
Dpm5 (2822)	853	540	662	171	412	171	95
Dpm6 (637)	211	144	147	58	171	28	47
Dpm7 (534)	186	82	145	33	95	47	15
