Motif Name (# sites) [Overlap Counts]	   Dpm1 (3085)	Dpm2 (2430)	Dpm3 (2914)	Dpm4 (555)	Dpm5 (1023)	Dpm6 (637)	Dpm7 (144)
   Dpm1 (3085)	428	613	779	134	349	211	50
Dpm2 (2430)	613	212	750	107	185	144	14
Dpm3 (2914)	779	750	418	125	205	147	40
Dpm4 (555)	134	107	125	11	72	58	6
Dpm5 (1023)	349	185	205	72	46	82	10
Dpm6 (637)	211	144	147	58	82	28	10
Dpm7 (144)	50	14	40	6	10	10	1
