Motif Name (# sites) [values are natural log, + values for divergence]	   Dpm1 (3085)	Dpm2 (2430)	Dpm3 (2914)	Dpm4 (555)	Dpm5 (2822)	Dpm6 (637)	Dpm7 (534)
   Dpm1 (3085)	3.56484904417381	9.42442698072159	5.19071317568456	4.31797890728762	-1.95793929256652	-3.34057216900337	-4.66271942336229
Dpm2 (2430)	9.42442698072159	11.0874229153696	-7.11936421335774	3.35689026251728	12.4979952055786	0.808584586611452	9.77926531041955
Dpm3 (2914)	5.19071317568456	-7.11936421335774	1.0108488045245	4.49972530566106	12.0078009186081	4.21082693407947	0.791525936450174
Dpm4 (555)	4.31797890728762	3.35689026251728	4.49972530566106	1.52114694879886	-3.39002599352209	-9.56691867136497	-1.63317937836315
Dpm5 (2822)	-1.95793929256652	12.4979952055786	12.0078009186081	-3.39002599352209	-1.07117469521218	-0.740777511221612	11.204832562025
Dpm6 (637)	-3.34057216900337	0.808584586611452	4.21082693407947	-9.56691867136497	-0.740777511221612	-2.98903189777231	-4.80993931683877
Dpm7 (534)	-4.66271942336229	9.77926531041955	0.791525936450174	-1.63317937836315	11.204832562025	-4.80993931683877	-0.928493969308141
