Motif Name (# sites) [Overlap Counts]	   Dpm1 (3952)	Dpm2 (3880)	Dpm3 (3766)	Dpm4 (684)	Dpm5 (3760)	Dpm6 (1059)	Dpm7 (831)
   Dpm1 (3952)	790	1356	1372	221	1414	424	356
Dpm2 (3880)	1356	731	1441	218	1308	406	234
Dpm3 (3766)	1372	1441	735	233	1218	349	299
Dpm4 (684)	221	218	233	21	251	94	59
Dpm5 (3760)	1414	1308	1218	251	762	368	218
Dpm6 (1059)	424	406	349	94	368	69	96
Dpm7 (831)	356	234	299	59	218	96	38
