Motif Name (# sites) [values are natural log, + values for divergence]	   Dpm1 (3952)	Dpm2 (3880)	Dpm3 (3766)	Dpm4 (684)	Dpm5 (3760)	Dpm6 (1059)	Dpm7 (831)
   Dpm1 (3952)	0.875741261843114	5.50111546578574	1.81080371139671	4.25571545419647	-0.924080696973816	-2.55956967813705	-5.22122974662909
Dpm2 (3880)	5.50111546578574	1.93550064752845	-3.12623696038204	4.03043503771539	3.88969844679564	-1.67460189271718	11.4157221598529
Dpm3 (3766)	1.81080371139671	-3.12623696038204	-0.929001272410304	1.34368215198546	8.55210606885104	2.60848593340469	-0.836674209324503
Dpm4 (684)	4.25571545419647	4.03043503771539	1.34368215198546	0.823517878594517	-1.1634658158164	-6.26503783373516	-1.37578465193416
Dpm5 (3760)	-0.924080696973816	3.88969844679564	8.55210606885104	-1.1634658158164	-1.8315970585479	1.07138072147749	13.748773407479
Dpm6 (1059)	-2.55956967813705	-1.67460189271718	2.60848593340469	-6.26503783373516	1.07138072147749	-3.03315089886804	-2.41141698138115
Dpm7 (831)	-5.22122974662909	11.4157221598529	-0.836674209324503	-1.37578465193416	13.748773407479	-2.41141698138115	-1.38942651739016
