>TTTTKMTCACCC	12-GGGTGAKMAAAA	14.035918	-221.396314	0	T:121.0(0.71%),B:15.2(0.05%),P:1e-96
0.024	0.053	0.040	0.883
0.040	0.024	0.024	0.912
0.040	0.045	0.053	0.862
0.008	0.029	0.029	0.934
0.048	0.045	0.426	0.480
0.458	0.456	0.069	0.016
0.024	0.016	0.032	0.928
0.032	0.850	0.061	0.057
0.960	0.008	0.024	0.008
0.016	0.952	0.016	0.016
0.045	0.878	0.053	0.024
0.024	0.928	0.024	0.024
