>TCAGTCGASTGA	10-TCAGTCGASTGA	10.594918	-261.837223	0	T:164.0(0.97%),B:26.4(0.08%),P:1e-113
0.131	0.029	0.126	0.714
0.007	0.733	0.117	0.143
0.837	0.116	0.007	0.040
0.052	0.011	0.887	0.050
0.011	0.004	0.004	0.981
0.011	0.957	0.017	0.015
0.022	0.139	0.791	0.048
0.610	0.028	0.028	0.334
0.255	0.308	0.406	0.032
0.028	0.232	0.244	0.496
0.011	0.093	0.560	0.336
0.454	0.181	0.146	0.219
