>AATACCCGCAAG	9-AATACCCGCAAG,BestGuess:MA0242.1_run::Bgb/Jaspar(0.718)	11.047017	-270.104218	0	T:155.0(0.92%),B:21.8(0.07%),P:1e-117
0.875	0.009	0.037	0.079
0.963	0.019	0.009	0.009
0.200	0.037	0.074	0.689
0.832	0.131	0.028	0.009
0.073	0.568	0.331	0.028
0.028	0.898	0.028	0.046
0.001	0.902	0.018	0.079
0.018	0.046	0.927	0.009
0.037	0.825	0.042	0.096
0.883	0.028	0.028	0.061
0.945	0.028	0.018	0.009
0.018	0.210	0.707	0.065
