>GGGAAGGAGGAG	23-GGGAAGGAGGAG	8.206133	-79.431940	0	T:626.0(3.70%),B:705.0(2.18%),P:1e-34
0.143	0.072	0.684	0.101
0.193	0.067	0.650	0.090
0.134	0.064	0.761	0.041
0.725	0.051	0.163	0.061
0.740	0.062	0.127	0.071
0.109	0.040	0.794	0.057
0.096	0.047	0.794	0.063
0.752	0.071	0.105	0.072
0.105	0.053	0.793	0.049
0.128	0.062	0.741	0.069
0.781	0.064	0.098	0.057
0.106	0.058	0.786	0.050
