>AGCGCCATCTTT	6-AGCGCCATCTTT	8.954386	-453.882986	0	T:548.0(3.24%),B:209.1(0.65%),P:1e-197
0.696	0.113	0.127	0.064
0.204	0.120	0.500	0.176
0.020	0.946	0.007	0.027
0.034	0.013	0.926	0.027
0.045	0.915	0.013	0.027
0.068	0.918	0.013	0.001
0.882	0.041	0.070	0.007
0.020	0.166	0.013	0.801
0.058	0.830	0.034	0.078
0.013	0.013	0.007	0.967
0.172	0.101	0.199	0.528
0.007	0.058	0.078	0.857
