>AGTGCRCTGCAG	11-CTGCAGYGCACT	10.682174	-231.425023	0	T:78.0(0.46%),B:3.3(0.01%),P:1e-100
0.794	0.065	0.065	0.076
0.224	0.209	0.452	0.115
0.290	0.114	0.025	0.571
0.079	0.190	0.638	0.093
0.190	0.487	0.281	0.042
0.356	0.034	0.483	0.127
0.003	0.807	0.041	0.149
0.126	0.038	0.002	0.834
0.030	0.066	0.840	0.064
0.334	0.592	0.033	0.041
0.838	0.001	0.071	0.090
0.192	0.098	0.708	0.002
